eVTOL_type,mission_segment,CL,CD,AOA_deg,L_D,time_min,fesibility
vector_thrust,hover_climb,0.0,0.0,-90.0,,0.0,True
vector_thrust,hover_climb,0.0,0.0,-90.0,,0.0064225371466874815,True
vector_thrust,hover_climb,0.0,0.0,-90.0,,0.02441808633759947,True
vector_thrust,hover_climb,0.0,0.0,-90.0,,0.05042240835454853,True
vector_thrust,hover_climb,0.0,0.0,-90.0,,0.07928502829999765,True
vector_thrust,hover_climb,0.0,0.0,-90.0,,0.1052893503169467,True
vector_thrust,hover_climb,0.0,0.0,-90.0,,0.12328489950785869,True
vector_thrust,hover_climb,0.0,0.0,-90.0,,0.12970743665454618,True
vector_thrust,second_climb,1.2281178011385678,0.1766538484327578,13.40302336299964,6.952114613036824,0.12970743665454618,True
vector_thrust,second_climb,1.2285273291917778,0.1767567099790332,13.407968010796687,6.9503858118738755,0.15446521967894136,True
vector_thrust,second_climb,1.2296755552917769,0.1770454707655913,13.42183572228786,6.945535234391118,0.2238349861898627,True
vector_thrust,second_climb,1.23133675290985,0.1774641751764393,13.44190933551832,6.938508866285966,0.3240772031654674,True
vector_thrust,second_climb,1.233183261490697,0.1779308921911989,13.464236790231702,6.930686663255515,0.43533767014362446,True
vector_thrust,second_climb,1.2348493590490113,0.17835318967391944,13.484395965773905,6.923618026157359,0.5355798871192292,True
vector_thrust,second_climb,1.2360036952881968,0.17864643097699295,13.498370372326184,6.918714740219892,0.6049496536301505,True
vector_thrust,second_climb,1.236415942786665,0.17875128659390516,13.503362506193499,6.916962480922488,0.6297074366545456,True
vector_thrust,departure_terminal_procedures,1.193875620694798,0.1682791161737709,12.989202960171232,7.0946154688735135,0.6297074366545456,True
vector_thrust,departure_terminal_procedures,1.19387562064793,0.16827911616279242,12.989202959612168,7.09461546905785,0.6691373069177328,True
vector_thrust,departure_terminal_procedures,1.1938756206485461,0.1682791161629367,12.989202959619513,7.094615469055428,0.7796173483260458,True
vector_thrust,departure_terminal_procedures,1.1938756206479435,0.1682791161627955,12.989202959612324,7.094615469057801,0.9392656337297791,True
vector_thrust,departure_terminal_procedures,1.193875620647944,0.16827911616279564,12.989202959612332,7.094615469057797,1.1164618622469937,True
vector_thrust,departure_terminal_procedures,1.193875620647748,0.16827911616275,12.989202959610004,7.094615469058558,1.2761101476507268,True
vector_thrust,departure_terminal_procedures,1.193875620647944,0.1682791161627956,12.98920295961233,7.0946154690578,1.38659018905904,True
vector_thrust,departure_terminal_procedures,1.1938756206479444,0.1682791161627957,12.989202959612333,7.094615469057797,1.4260200593222272,True
vector_thrust,accel_climb,0.9758319715693218,0.12529357426953147,10.469693190987774,7.7883640662218845,1.4260200593222272,True
vector_thrust,accel_climb,0.9774557685305563,0.1255646417778359,10.487865641311503,7.784482595506375,1.5448574178393242,True
vector_thrust,accel_climb,0.9820222223315084,0.12632992119472852,10.538995365759085,7.773472927429373,1.8778322970917465,True
vector_thrust,accel_climb,0.9886645443762018,0.1274511097267811,10.613436336819008,7.757206245560492,2.358994938574649,True
vector_thrust,accel_climb,0.9960976861485104,0.12871740015692465,10.69684041824298,7.738640501860098,2.8930451800698034,True
vector_thrust,accel_climb,1.0028497904914568,0.12987866239055632,10.772699465041862,7.7214360852886,3.3742078215527056,True
vector_thrust,accel_climb,1.007553136454291,0.13069393636913926,10.82559774758091,7.70925694370779,3.7071827008051286,True
vector_thrust,accel_climb,1.0092378550451881,0.1309872619894563,10.844557372354519,7.704854958541128,3.8260200593222256,True
vector_thrust,cruise_0,0.7663075093392869,0.09454873930231719,8.139433505888153,8.104893994292595,3.8260200593222256,True
vector_thrust,cruise_0,0.7663075093392885,0.09454873930231736,8.13943350588817,8.104893994292597,3.8327329785171442,True
vector_thrust,cruise_0,0.7663075094246773,0.09454873931300908,8.139433506820401,8.104893994279204,3.851542160126795,True
vector_thrust,cruise_0,0.7663075098955113,0.09454873937196337,8.139433511960727,8.104893994205334,3.8787222150539127,True
vector_thrust,cruise_0,0.7663075098705875,0.09454873936884259,8.13943351168862,8.104893994209245,3.9088898000786836,True
vector_thrust,cruise_0,0.7663075097045048,0.09454873934804695,8.139433509875412,8.104893994235303,3.9360698550058015,True
vector_thrust,cruise_0,0.7663075095757869,0.09454873933192987,8.139433508470136,8.104893994255496,3.9548790366154525,True
vector_thrust,cruise_0,0.7663075095310102,0.0945487393263233,8.139433507981291,8.10489399426252,3.961591955810371,True
vector_thrust,cruise_1,0.8810553694676267,0.11043568157940095,9.407454978852126,7.977995489022869,3.961591955810371,True
vector_thrust,cruise_1,0.8810553694845028,0.11043568158186728,9.407454979038905,7.977995488997512,3.96830487500529,True
vector_thrust,cruise_1,0.8810553694845028,0.11043568158186728,9.407454979038905,7.977995488997512,3.987114056614941,True
vector_thrust,cruise_1,0.8810553694845029,0.11043568158186734,9.407454979038908,7.977995488997509,4.014294111542059,True
vector_thrust,cruise_1,0.8810553694845029,0.11043568158186734,9.407454979038908,7.977995488997509,4.044461696566829,True
vector_thrust,cruise_1,0.8810553694845031,0.11043568158186737,9.407454979038912,7.977995488997509,4.071641751493948,True
vector_thrust,cruise_1,0.8810553694845029,0.11043568158186734,9.407454979038908,7.977995488997509,4.0904509331035985,True
vector_thrust,cruise_1,0.8810553694845028,0.11043568158186728,9.407454979038905,7.977995488997512,4.097163852298517,True
vector_thrust,cruise_2,0.8505076575438995,0.10597579886228786,9.068290140919629,8.025489467166997,4.097163852298517,True
vector_thrust,cruise_2,0.8505076575438986,0.10597579886228775,9.068290140919618,8.025489467166997,4.103876771493436,True
vector_thrust,cruise_2,0.8505076575438989,0.10597579886228778,9.068290140919622,8.025489467166999,4.122685953103086,True
vector_thrust,cruise_2,0.8505076575438989,0.10597579886228778,9.068290140919622,8.025489467166999,4.149866008030204,True
vector_thrust,cruise_2,0.8505076575438986,0.10597579886228775,9.068290140919618,8.025489467166997,4.180033593054975,True
vector_thrust,cruise_2,0.8505076575438986,0.10597579886228775,9.068290140919618,8.025489467166997,4.207213647982093,True
vector_thrust,cruise_2,0.8505076575438986,0.10597579886228775,9.068290140919618,8.025489467166997,4.226022829591744,True
vector_thrust,cruise_2,0.8505076575438989,0.10597579886228778,9.068290140919622,8.025489467166999,4.232735748786663,True
vector_thrust,cruise_3,0.8505086636633732,0.10597594304836064,9.068301292761264,8.025488041896976,4.232735748786663,True
vector_thrust,cruise_3,0.8505086636633725,0.10597594304836058,9.068301292761259,8.025488041896974,4.2394486679815815,True
vector_thrust,cruise_3,0.8505086636633726,0.10597594304836058,9.06830129276126,8.025488041896974,4.2582578495912315,True
vector_thrust,cruise_3,0.8505086636633726,0.10597594304836058,9.06830129276126,8.025488041896974,4.28543790451835,True
vector_thrust,cruise_3,0.8505086636633725,0.10597594304836053,9.068301292761257,8.025488041896978,4.31560548954312,True
vector_thrust,cruise_3,0.8505086636633725,0.10597594304836058,9.068301292761259,8.025488041896974,4.342785544470238,True
vector_thrust,cruise_3,0.8505086636633726,0.10597594304836058,9.06830129276126,8.025488041896974,4.36159472607989,True
vector_thrust,cruise_3,0.8505086636633726,0.10597594304836058,9.06830129276126,8.025488041896974,4.368307645274808,True
vector_thrust,cruise_4,0.8505096791162318,0.10597608857217428,9.068312548055529,8.025486603395427,4.368307645274808,True
vector_thrust,cruise_4,0.8505096791162319,0.10597608857217425,9.068312548055525,8.025486603395429,4.375020564469726,True
vector_thrust,cruise_4,0.8505096791162308,0.10597608857217411,9.068312548055514,8.025486603395429,4.393829746079378,True
vector_thrust,cruise_4,0.850509679116231,0.10597608857217417,9.068312548055518,8.025486603395427,4.4210098010064955,True
vector_thrust,cruise_4,0.8505096791162314,0.10597608857217422,9.068312548055523,8.025486603395427,4.451177386031266,True
vector_thrust,cruise_4,0.8505096791162319,0.10597608857217425,9.068312548055525,8.025486603395429,4.4783574409583835,True
vector_thrust,cruise_4,0.8505096791162308,0.10597608857217411,9.068312548055514,8.025486603395429,4.497166622568035,True
vector_thrust,cruise_4,0.8505096791162308,0.10597608857217411,9.068312548055514,8.025486603395429,4.503879541762954,True
vector_thrust,cruise_5,0.850510704088163,0.10597623546034457,9.068323908860618,8.025485151399034,4.503879541762954,True
vector_thrust,cruise_5,0.850510704088163,0.10597623546034457,9.068323908860618,8.025485151399034,4.510592460957872,True
vector_thrust,cruise_5,0.8505107040881635,0.10597623546034465,9.068323908860624,8.025485151399032,4.529401642567524,True
vector_thrust,cruise_5,0.850510704088163,0.10597623546034454,9.068323908860618,8.025485151399035,4.556581697494641,True
vector_thrust,cruise_5,0.8505107040881624,0.10597623546034449,9.068323908860613,8.025485151399034,4.586749282519412,True
vector_thrust,cruise_5,0.8505107040881625,0.10597623546034451,9.068323908860615,8.025485151399034,4.61392933744653,True
vector_thrust,cruise_5,0.850510704088163,0.10597623546034457,9.068323908860618,8.025485151399034,4.632738519056181,True
vector_thrust,cruise_5,0.8505107040881633,0.1059762354603446,9.068323908860622,8.025485151399034,4.6394514382511,True
vector_thrust,cruise_6,0.8505117387701918,0.1059763837402535,9.068335377293922,8.025483685636821,4.6394514382511,True
vector_thrust,cruise_6,0.8505117387705625,0.10597638374030569,9.068335377298013,8.025483685636368,4.646164357446017,True
vector_thrust,cruise_6,0.8505117387705625,0.10597638374030566,9.06833537729801,8.02548368563637,4.664973539055669,True
vector_thrust,cruise_6,0.8505117387705625,0.10597638374030569,9.068335377298013,8.025483685636368,4.692153593982787,True
vector_thrust,cruise_6,0.8505117387705632,0.10597638374030577,9.068335377298016,8.025483685636368,4.722321179007557,True
vector_thrust,cruise_6,0.8505117387705632,0.10597638374030577,9.068335377298016,8.025483685636368,4.749501233934676,True
vector_thrust,cruise_6,0.8505117387705629,0.10597638374030569,9.068335377298013,8.02548368563637,4.7683104155443266,True
vector_thrust,cruise_6,0.8505117387705629,0.10597638374030569,9.068335377298013,8.02548368563637,4.775023334739245,True
vector_thrust,cruise_7,0.8505127833604377,0.10597653344029684,9.068346955551391,8.025482205827995,4.775023334739245,True
vector_thrust,cruise_7,0.8505127833607714,0.10597653344034375,9.068346955555068,8.025482205827592,4.781736253934163,True
vector_thrust,cruise_7,0.8505127833607713,0.10597653344034377,9.06834695555507,8.025482205827588,4.800545435543815,True
vector_thrust,cruise_7,0.8505127833607714,0.10597653344034375,9.068346955555068,8.025482205827592,4.827725490470932,True
vector_thrust,cruise_7,0.8505127833607711,0.10597653344034372,9.068346955555066,8.02548220582759,4.857893075495703,True
vector_thrust,cruise_7,0.8505127833607714,0.10597653344034375,9.068346955555068,8.025482205827592,4.885073130422821,True
vector_thrust,cruise_7,0.8505127833607711,0.10597653344034372,9.068346955555066,8.02548220582759,4.903882312032472,True
vector_thrust,cruise_7,0.8505127833607711,0.10597653344034372,9.068346955555066,8.02548220582759,4.910595231227391,True
vector_thrust,cruise_8,0.8505138380620233,0.10597668458959067,9.0683586458845,8.025480711684418,4.910595231227391,True
vector_thrust,cruise_8,0.8505138380623289,0.10597668458963366,9.06835864588787,8.025480711684047,4.9173081504223095,True
vector_thrust,cruise_8,0.8505138380623289,0.10597668458963366,9.06835864588787,8.025480711684047,4.9361173320319605,True
vector_thrust,cruise_8,0.8505138380623289,0.10597668458963366,9.06835864588787,8.025480711684047,4.963297386959079,True
vector_thrust,cruise_8,0.8505138380623289,0.10597668458963366,9.06835864588787,8.025480711684047,4.993464971983849,True
vector_thrust,cruise_8,0.8505138380623285,0.10597668458963361,9.068358645887866,8.025480711684047,5.020645026910967,True
vector_thrust,cruise_8,0.8505138380623285,0.10597668458963361,9.068358645887866,8.025480711684047,5.039454208520619,True
vector_thrust,cruise_8,0.8505138380623289,0.10597668458963369,9.06835864588787,8.025480711684045,5.046167127715536,True
vector_thrust,cruise_9,0.850514903084953,0.1059768372182365,9.068370450620984,8.025479202908278,5.046167127715536,True
vector_thrust,cruise_9,0.8505149030852394,0.10597683721827683,9.068370450624142,8.025479202907926,5.052880046910455,True
vector_thrust,cruise_9,0.8505149030852392,0.1059768372182768,9.06837045062414,8.025479202907928,5.071689228520106,True
vector_thrust,cruise_9,0.8505149030852392,0.1059768372182768,9.06837045062414,8.025479202907928,5.0988692834472245,True
vector_thrust,cruise_9,0.8505149030852392,0.1059768372182768,9.06837045062414,8.025479202907928,5.129036868471995,True
vector_thrust,cruise_9,0.8505149030852392,0.1059768372182768,9.06837045062414,8.025479202907928,5.156216923399112,True
vector_thrust,cruise_9,0.8505149030852392,0.1059768372182768,9.06837045062414,8.025479202907928,5.175026105008764,True
vector_thrust,cruise_9,0.8505149030852392,0.1059768372182768,9.06837045062414,8.025479202907928,5.181739024203682,True
vector_thrust,cruise_10,0.8505159786459769,0.10597699135730271,9.068382372163347,8.025477679192194,5.181739024203682,True
vector_thrust,cruise_10,0.850515978646247,0.1059769913573407,9.068382372166324,8.025477679191864,5.188451943398601,True
vector_thrust,cruise_10,0.8505159786462474,0.10597699135734076,9.068382372166328,8.025477679191864,5.207261125008252,True
vector_thrust,cruise_10,0.8505159786462471,0.10597699135734073,9.068382372166326,8.025477679191864,5.23444117993537,True
vector_thrust,cruise_10,0.8505159786462474,0.10597699135734076,9.068382372166328,8.025477679191864,5.2646087649601405,True
vector_thrust,cruise_10,0.8505159786462471,0.10597699135734073,9.068382372166326,8.025477679191864,5.291788819887258,True
vector_thrust,cruise_10,0.8505159786462474,0.10597699135734076,9.068382372166328,8.025477679191864,5.31059800149691,True
vector_thrust,cruise_10,0.850515978646247,0.1059769913573407,9.068382372166324,8.025477679191864,5.317310920691828,True
vector_thrust,cruise_11,0.8505170649688807,0.10597714703886615,9.068394412992072,8.025476140218808,5.317310920691828,True
vector_thrust,cruise_11,0.8505170649691348,0.10597714703890193,9.068394412994875,8.025476140218498,5.324023839886746,True
vector_thrust,cruise_11,0.8505170649691344,0.1059771470389019,9.068394412994873,8.025476140218496,5.342833021496398,True
vector_thrust,cruise_11,0.8505170649691352,0.10597714703890199,9.068394412994879,8.025476140218496,5.370013076423516,True
vector_thrust,cruise_11,0.8505170649691348,0.10597714703890193,9.068394412994875,8.025476140218498,5.400180661448286,True
vector_thrust,cruise_11,0.8505170649691348,0.10597714703890193,9.068394412994875,8.025476140218498,5.427360716375404,True
vector_thrust,cruise_11,0.8505170649691348,0.10597714703890193,9.068394412994875,8.025476140218498,5.4461698979850555,True
vector_thrust,cruise_11,0.8505170649691352,0.10597714703890199,9.068394412994879,8.025476140218496,5.452882817179973,True
vector_thrust,cruise_12,0.850518162286182,0.10597730429625182,9.068406575684365,8.025474585658648,5.452882817179973,True
vector_thrust,cruise_12,0.8505181622792171,0.10597730429527166,9.068406575607552,8.025474585667153,5.459595736374892,True
vector_thrust,cruise_12,0.8505181622792788,0.10597730429528038,9.068406575608236,8.025474585667075,5.478404917984544,True
vector_thrust,cruise_12,0.8505181622793704,0.10597730429529326,9.068406575609245,8.025474585666963,5.505584972911661,True
vector_thrust,cruise_12,0.8505181622794707,0.10597730429530736,9.06840657561035,8.025474585666842,5.535752557936432,True
vector_thrust,cruise_12,0.8505181622795608,0.10597730429532004,9.068406575611345,8.025474585666732,5.562932612863549,True
vector_thrust,cruise_12,0.8505181622796234,0.10597730429532884,9.068406575612034,8.025474585666657,5.581741794473201,True
vector_thrust,cruise_12,0.850518162279645,0.10597730429533192,9.068406575612276,8.025474585666627,5.588454713668119,True
vector_thrust,cruise_13,0.8505192708475451,0.1059774631652177,9.068418863006945,8.025473015159788,5.588454713668119,True
vector_thrust,cruise_13,0.8505192708323889,0.10597746316308482,9.068418862839797,8.025473015178294,5.5951676328630375,True
vector_thrust,cruise_13,0.8505192708323969,0.10597746316308596,9.068418862839886,8.025473015178283,5.613976814472689,True
vector_thrust,cruise_13,0.8505192708324071,0.10597746316308737,9.068418862839996,8.025473015178273,5.641156869399807,True
vector_thrust,cruise_13,0.8505192708324194,0.10597746316308909,9.068418862840133,8.025473015178259,5.671324454424577,True
vector_thrust,cruise_13,0.8505192708324294,0.10597746316309048,9.068418862840243,8.025473015178248,5.698504509351695,True
vector_thrust,cruise_13,0.8505192708324357,0.1059774631630914,9.068418862840312,8.025473015178237,5.717313690961347,True
vector_thrust,cruise_13,0.8505192708324385,0.10597746316309178,9.068418862840343,8.025473015178235,5.7240266101562645,True
vector_thrust,cruise_14,0.850520390859106,0.10597762367541713,9.068431277246942,8.025471428421877,5.7240266101562645,True
vector_thrust,cruise_14,0.850520390859106,0.10597762367541713,9.068431277246942,8.025471428421877,5.730739529351183,True
vector_thrust,cruise_14,0.8505203908591086,0.10597762367541752,9.068431277246972,8.025471428421872,5.749548710960835,True
vector_thrust,cruise_14,0.8505203908591066,0.10597762367541722,9.068431277246948,8.025471428421875,5.7767287658879525,True
vector_thrust,cruise_14,0.850520390859106,0.10597762367541716,9.068431277246944,8.025471428421875,5.806896350912723,True
vector_thrust,cruise_14,0.8505203908591057,0.1059776236754171,9.068431277246937,8.025471428421875,5.83407640583984,True
vector_thrust,cruise_14,0.8505203908591078,0.10597762367541738,9.06843127724696,8.025471428421875,5.852885587449492,True
vector_thrust,cruise_14,0.8505203908591084,0.10597762367541749,9.06843127724697,8.025471428421872,5.85959850664441,True
vector_thrust,cruise_15,0.850521522611605,0.10597778586843168,9.068443821625001,8.025469825039584,5.85959850664441,True
vector_thrust,cruise_15,0.8505215226193479,0.10597778586952133,9.068443821710394,8.025469825030129,5.866311425839329,True
vector_thrust,cruise_15,0.8505215226193473,0.10597778586952125,9.06844382171039,8.02546982503013,5.885120607448981,True
vector_thrust,cruise_15,0.8505215226193479,0.10597778586952128,9.068443821710394,8.025469825030134,5.912300662376098,True
vector_thrust,cruise_15,0.8505215226193479,0.10597778586952128,9.068443821710394,8.025469825030134,5.9424682474008685,True
vector_thrust,cruise_15,0.8505215226193473,0.10597778586952125,9.06844382171039,8.02546982503013,5.969648302327986,True
vector_thrust,cruise_15,0.8505215226193473,0.10597778586952122,9.068443821710389,8.025469825030132,5.988457483937638,True
vector_thrust,cruise_15,0.8505215226193473,0.10597778586952125,9.06844382171039,8.02546982503013,5.995170403132557,True
vector_thrust,cruise_16,0.8505226663641576,0.1059779497814152,9.06845649901349,8.025468204644485,5.995170403132557,True
vector_thrust,cruise_16,0.8505226663774733,0.10597794978328906,9.06845649916034,8.025468204628227,6.001883322327474,True
vector_thrust,cruise_16,0.850522666377471,0.10597794978328878,9.068456499160316,8.025468204628227,6.020692503937126,True
vector_thrust,cruise_16,0.8505226663774681,0.1059779497832884,9.068456499160286,8.025468204628229,6.047872558864244,True
vector_thrust,cruise_16,0.8505226663774648,0.10597794978328792,9.06845649916025,8.025468204628233,6.078040143889014,True
vector_thrust,cruise_16,0.8505226663774628,0.10597794978328762,9.068456499160225,8.025468204628238,6.105220198816132,True
vector_thrust,cruise_16,0.850522666377461,0.1059779497832874,9.068456499160208,8.025468204628238,6.1240293804257835,True
vector_thrust,cruise_16,0.8505226663774602,0.10597794978328731,9.0684564991602,8.025468204628236,6.130742299620702,True
vector_thrust,cruise_17,0.8505238224097468,0.10597811545631189,9.068469312658792,8.025466566824962,6.130742299620702,True
vector_thrust,cruise_17,0.85052382240658,0.10597811545586619,9.068469312623865,8.025466566828833,6.13745521881562,True
vector_thrust,cruise_17,0.8505238224065795,0.10597811545586616,9.068469312623861,8.025466566828829,6.156264400425272,True
vector_thrust,cruise_17,0.8505238224065786,0.10597811545586605,9.06846931262385,8.025466566828829,6.183444455352389,True
vector_thrust,cruise_17,0.8505238224065786,0.10597811545586605,9.06846931262385,8.025466566828829,6.21361204037716,True
vector_thrust,cruise_17,0.850523822406578,0.10597811545586594,9.068469312623844,8.025466566828833,6.240792095304277,True
vector_thrust,cruise_17,0.850523822406577,0.10597811545586577,9.068469312623831,8.025466566828834,6.259601276913929,True
vector_thrust,cruise_17,0.8505238224065769,0.10597811545586577,9.068469312623833,8.025466566828834,6.266314196108848,True
vector_thrust,cruise_18,0.8505249909925409,0.10597828292822128,9.068482265269466,8.025464911227127,6.266314196108848,True
vector_thrust,cruise_18,0.8505249909896079,0.10597828292780859,9.068482265237126,8.025464911230705,6.2730271153037656,True
vector_thrust,cruise_18,0.8505249909896079,0.10597828292780859,9.068482265237126,8.025464911230705,6.291836296913417,True
vector_thrust,cruise_18,0.8505249909896079,0.10597828292780859,9.068482265237126,8.025464911230705,6.319016351840535,True
vector_thrust,cruise_18,0.8505249909896068,0.10597828292780839,9.068482265237112,8.02546491123071,6.349183936865305,True
vector_thrust,cruise_18,0.8505249909896061,0.10597828292780828,9.068482265237103,8.025464911230712,6.376363991792423,True
vector_thrust,cruise_18,0.8505249909896053,0.10597828292780823,9.068482265237098,8.025464911230708,6.395173173402075,True
vector_thrust,cruise_18,0.850524990989605,0.10597828292780817,9.068482265237092,8.02546491123071,6.401886092596993,True
vector_thrust,cruise_19,0.8505261724221412,0.10597845224147784,9.068495360276291,8.025463237415185,6.401886092596993,True
vector_thrust,cruise_19,0.8505261724194147,0.10597845224109415,9.068495360246219,8.025463237418514,6.408599011791911,True
vector_thrust,cruise_19,0.8505261724194142,0.10597845224109406,9.068495360246215,8.025463237418515,6.427408193401563,True
vector_thrust,cruise_19,0.8505261724194138,0.10597845224109398,9.068495360246208,8.025463237418517,6.4545882483286805,True
vector_thrust,cruise_19,0.8505261724194138,0.10597845224109398,9.068495360246208,8.025463237418517,6.484755833353451,True
vector_thrust,cruise_19,0.8505261724194128,0.1059784522410939,9.068495360246203,8.025463237418514,6.5119358882805685,True
vector_thrust,cruise_19,0.850526172419412,0.10597845224109376,9.06849536024619,8.025463237418517,6.53074506989022,True
vector_thrust,cruise_19,0.850526172419412,0.10597845224109376,9.06849536024619,8.025463237418517,6.537457989085139,True
vector_thrust,cruise_20,0.8505273670001758,0.10597862343932138,9.068508601022666,8.025461544960997,6.537457989085139,True
vector_thrust,cruise_20,0.8505273669994828,0.10597862343922387,9.068508601015024,8.025461544961841,6.544170908280057,True
vector_thrust,cruise_20,0.8505273669994844,0.1059786234392241,9.06850860101504,8.02546154496184,6.562980089889709,True
vector_thrust,cruise_20,0.850527366999486,0.10597862343922432,9.068508601015058,8.025461544961837,6.590160144816826,True
vector_thrust,cruise_20,0.8505273669994878,0.10597862343922462,9.06850860101508,8.025461544961832,6.620327729841597,True
vector_thrust,cruise_20,0.850527366999489,0.10597862343922479,9.068508601015091,8.02546154496183,6.647507784768714,True
vector_thrust,cruise_20,0.8505273669994897,0.1059786234392249,9.068508601015102,8.025461544961829,6.666316966378366,True
vector_thrust,cruise_20,0.8505273669994904,0.10597862343922496,9.068508601015107,8.02546154496183,6.673029885573285,True
vector_thrust,cruise_21,0.850528575044225,0.105978796567266,9.068521991028566,8.025459833414738,6.673029885573285,True
vector_thrust,cruise_21,0.8505285750457338,0.10597879656747833,9.068521991045204,8.025459833412896,6.679742804768202,True
vector_thrust,cruise_21,0.8505285750457569,0.10597879656748155,9.068521991045458,8.025459833412869,6.698551986377854,True
vector_thrust,cruise_21,0.85052857504579,0.10597879656748627,9.068521991045827,8.025459833412825,6.725732041304972,True
vector_thrust,cruise_21,0.8505285750459003,0.10597879656750175,9.06852199104704,8.025459833412693,6.755899626329742,True
vector_thrust,cruise_21,0.8505285750460128,0.1059787965675176,9.068521991048284,8.025459833412555,6.783079681256861,True
vector_thrust,cruise_21,0.8505285750458846,0.10597879656749956,9.068521991046868,8.025459833412711,6.8018888628665115,True
vector_thrust,cruise_21,0.8505285750458921,0.10597879656750062,9.068521991046952,8.025459833412702,6.80860178206143,True
vector_thrust,cruise_22,0.8505297969011015,0.10597897167496972,9.068535534136988,8.025458102288615,6.80860178206143,True
vector_thrust,cruise_22,0.8505297968715348,0.1059789716708088,9.068535533810909,8.025458102324723,6.815314701256348,True
vector_thrust,cruise_22,0.8505297968723216,0.10597897167091952,9.068535533819587,8.025458102323762,6.834123882866,True
vector_thrust,cruise_22,0.8505297968664772,0.10597897167009707,9.068535533755133,8.025458102330898,6.861303937793117,True
vector_thrust,cruise_22,0.8505297968777173,0.10597897167167886,9.068535533879093,8.025458102317174,6.891471522817888,True
vector_thrust,cruise_22,0.8505297968803924,0.10597897167205536,9.068535533908598,8.025458102313904,6.918651577745006,True
vector_thrust,cruise_22,0.8505297968803931,0.10597897167205542,9.068535533908602,8.025458102313907,6.937460759354657,True
vector_thrust,cruise_22,0.8505297968803924,0.10597897167205536,9.068535533908598,8.025458102313904,6.944173678549576,True
vector_thrust,cruise_23,0.8505310333789874,0.10597914887705148,9.068549239279836,8.025456350528964,6.944173678549576,True
vector_thrust,cruise_23,0.8505310336419025,0.10597914891405155,9.068549242179397,8.02545635020789,6.950886597744494,True
vector_thrust,cruise_23,0.8505310336667752,0.10597914891755184,9.068549242453702,8.025456350177517,6.969695779354145,True
vector_thrust,cruise_23,0.8505310337078615,0.10597914892333393,9.068549242906826,8.025456350127342,6.996875834281263,True
vector_thrust,cruise_23,0.8505310337490808,0.10597914892913474,9.068549243361414,8.025456350077002,7.027043419306033,True
vector_thrust,cruise_23,0.8505310338472616,0.10597914894295174,9.0685492444442,8.025456349957102,7.054223474233152,True
vector_thrust,cruise_23,0.8505310342264333,0.10597914899631258,9.068549248625901,8.025456349494055,7.073032655842803,True
vector_thrust,cruise_23,0.8505310344383994,0.10597914902614256,9.06854925096357,8.025456349235201,7.079745575037721,True
vector_thrust,cruise_24,0.8505322833682586,0.10597932801827067,9.068563094239185,8.025454579421641,7.079745575037721,True
vector_thrust,cruise_24,0.8505322833443504,0.10597932801490606,9.068563093975513,8.02545457945084,7.08645849423264,True
vector_thrust,cruise_24,0.8505322833448938,0.10597932801498255,9.068563093981506,8.025454579450173,7.105267675842291,True
vector_thrust,cruise_24,0.8505322833455699,0.10597932801507767,9.068563093988962,8.025454579449349,7.132447730769409,True
vector_thrust,cruise_24,0.8505322833453172,0.10597932801504209,9.068563093986173,8.02545457944966,7.16261531579418,True
vector_thrust,cruise_24,0.8505322833465466,0.10597932801521515,9.068563093999732,8.025454579448155,7.189795370721297,True
vector_thrust,cruise_24,0.8505322833470311,0.10597932801528334,9.068563094005077,8.025454579447564,7.208604552330949,True
vector_thrust,cruise_24,0.8505322833471877,0.10597932801530535,9.068563094006805,8.025454579447374,7.215317471525867,True
vector_thrust,cruise_25,0.8505335486478502,0.10597950934992925,9.068577118654368,8.025452786722285,7.215317471525867,True
vector_thrust,cruise_25,0.8505335486239378,0.10597950934656405,9.068577118390651,8.025452786751488,7.222030390720786,True
vector_thrust,cruise_25,0.8505335486241875,0.1059795093465992,9.068577118393405,8.025452786751183,7.240839572330437,True
vector_thrust,cruise_25,0.8505335486244732,0.10597950934663938,9.068577118396556,8.025452786750835,7.268019627257555,True
vector_thrust,cruise_25,0.8505335486247053,0.10597950934667208,9.068577118399118,8.025452786750549,7.2981872122823255,True
vector_thrust,cruise_25,0.8505335486249599,0.10597950934670791,9.068577118401924,8.025452786750238,7.325367267209443,True
vector_thrust,cruise_25,0.850533548625074,0.10597950934672398,9.068577118403184,8.025452786750098,7.344176448819095,True
vector_thrust,cruise_25,0.8505335486251805,0.10597950934673894,9.068577118404356,8.02545278674997,7.350889368014013,True
vector_thrust,cruise_26,0.8505348292903679,0.1059796928832347,9.068591313347254,8.02545097226751,7.350889368014013,True
vector_thrust,cruise_26,0.8505348291018111,0.105979692856699,9.068591311267754,8.025450972497781,7.357602287208931,True
vector_thrust,cruise_26,0.8505348291018111,0.105979692856699,9.068591311267754,8.025450972497781,7.376411468818582,True
vector_thrust,cruise_26,0.8505348291018111,0.105979692856699,9.068591311267754,8.025450972497781,7.403591523745701,True
vector_thrust,cruise_26,0.8505348291018117,0.10597969285669906,9.068591311267758,8.025450972497781,7.433759108770471,True
vector_thrust,cruise_26,0.850534829101812,0.10597969285669911,9.068591311267761,8.025450972497781,7.460939163697589,True
vector_thrust,cruise_26,0.8505348291018117,0.10597969285669906,9.068591311267758,8.025450972497781,7.47974834530724,True
vector_thrust,cruise_26,0.8505348291018111,0.105979692856699,9.068591311267754,8.025450972497781,7.486461264502158,True
vector_thrust,cruise_27,0.8505361252380157,0.10597987861108188,9.068605677702381,8.025449136050234,7.486461264502158,True
vector_thrust,cruise_27,0.8505361252380164,0.10597987861108199,9.068605677702392,8.02544913605023,7.493174183697077,True
vector_thrust,cruise_27,0.8505361252380164,0.10597987861108199,9.068605677702392,8.02544913605023,7.511983365306729,True
vector_thrust,cruise_27,0.8505361252380165,0.10597987861108202,9.068605677702394,8.02544913605023,7.539163420233846,True
vector_thrust,cruise_27,0.8505361252380164,0.10597987861108196,9.06860567770239,8.025449136050234,7.569331005258617,True
vector_thrust,cruise_27,0.8505361252380157,0.1059798786110819,9.068605677702385,8.02544913605023,7.596511060185734,True
vector_thrust,cruise_27,0.8505361252380164,0.10597987861108199,9.068605677702392,8.02544913605023,7.615320241795386,True
vector_thrust,cruise_27,0.8505361252380164,0.10597987861108196,9.06860567770239,8.025449136050234,7.622033160990304,True
vector_thrust,cruise_28,0.8505374375136141,0.10598006667848298,9.0686202230228,8.02544727674056,7.622033160990304,True
vector_thrust,cruise_28,0.8505374374032152,0.1059800666629464,9.06862022180526,8.025447276875386,7.6287460801852225,True
vector_thrust,cruise_28,0.8505374374032152,0.1059800666629464,9.06862022180526,8.025447276875386,7.647555261794874,True
vector_thrust,cruise_28,0.8505374374032153,0.10598006666294643,9.068620221805263,8.025447276875386,7.674735316721992,True
vector_thrust,cruise_28,0.8505374374032149,0.10598006666294638,9.068620221805258,8.025447276875386,7.704902901746762,True
vector_thrust,cruise_28,0.8505374374032153,0.10598006666294643,9.068620221805261,8.025447276875386,7.73208295667388,True
vector_thrust,cruise_28,0.8505374374032152,0.1059800666629464,9.06862022180526,8.025447276875386,7.750892138283532,True
vector_thrust,cruise_28,0.8505374374032152,0.1059800666629464,9.06862022180526,8.025447276875386,7.757605057478449,True
vector_thrust,cruise_29,0.8505387660240414,0.1059802570734463,9.06863494830527,8.025445394368143,7.757605057478449,True
vector_thrust,cruise_29,0.8505387660240397,0.10598025707344602,9.06863494830525,8.025445394368148,7.764317976673368,True
vector_thrust,cruise_29,0.8505387660240397,0.10598025707344602,9.06863494830525,8.025445394368148,7.78312715828302,True
vector_thrust,cruise_29,0.8505387660240398,0.10598025707344605,9.068634948305252,8.025445394368147,7.810307213210137,True
vector_thrust,cruise_29,0.8505387660240398,0.10598025707344605,9.068634948305252,8.025445394368147,7.840474798234908,True
vector_thrust,cruise_29,0.8505387660240403,0.1059802570734461,9.068634948305256,8.025445394368148,7.867654853162025,True
vector_thrust,cruise_29,0.8505387660240398,0.10598025707344605,9.068634948305252,8.025445394368147,7.886464034771677,True
vector_thrust,cruise_29,0.8505387660240398,0.10598025707344605,9.068634948305252,8.025445394368147,7.893176953966595,True
vector_thrust,cruise_30,0.8505401115447497,0.10598044990626135,9.068649862126637,8.02544348789842,7.893176953966595,True
vector_thrust,cruise_30,0.8505401115447268,0.10598044990625818,9.068649862126387,8.02544348789844,7.899889873161514,True
vector_thrust,cruise_30,0.8505401115447268,0.10598044990625818,9.068649862126387,8.02544348789844,7.9186990547711655,True
vector_thrust,cruise_30,0.8505401115447272,0.10598044990625821,9.06864986212639,8.025443487898444,7.945879109698283,True
vector_thrust,cruise_30,0.8505401115447272,0.10598044990625821,9.06864986212639,8.025443487898444,7.9760466947230535,True
vector_thrust,cruise_30,0.8505401115447265,0.10598044990625816,9.068649862126385,8.02544348789844,8.003226749650171,True
vector_thrust,cruise_30,0.8505401115447272,0.10598044990625821,9.06864986212639,8.025443487898444,8.022035931259822,True
vector_thrust,cruise_30,0.8505401115447268,0.10598044990625818,9.068649862126387,8.02544348789844,8.028748850454742,True
vector_thrust,cruise_31,0.8505414744281394,0.10598064522773001,9.06866496839915,8.025441556809788,8.028748850454742,True
vector_thrust,cruise_31,0.8505414744281173,0.10598064522772696,9.06866496839891,8.025441556809811,8.03546176964966,True
vector_thrust,cruise_31,0.8505414744281178,0.10598064522772696,9.06866496839891,8.025441556809815,8.05427095125931,True
vector_thrust,cruise_31,0.8505414744281171,0.10598064522772693,9.068664968398906,8.025441556809811,8.081451006186429,True
vector_thrust,cruise_31,0.8505414744281171,0.10598064522772693,9.068664968398906,8.025441556809811,8.111618591211199,True
vector_thrust,cruise_31,0.8505414744281171,0.10598064522772693,9.068664968398906,8.025441556809811,8.138798646138317,True
vector_thrust,cruise_31,0.8505414744281173,0.10598064522772696,9.06866496839891,8.025441556809811,8.157607827747968,True
vector_thrust,cruise_31,0.8505414744281171,0.10598064522772693,9.068664968398908,8.025441556809811,8.164320746942886,True
vector_thrust,cruise_32,0.8505428551567149,0.10598084310701508,9.068680272471,8.025439600417897,8.164320746942886,True
vector_thrust,cruise_32,0.8505428551567149,0.10598084310701508,9.068680272471,8.025439600417897,8.171033666137806,True
vector_thrust,cruise_32,0.8505428551567152,0.10598084310701514,9.068680272471003,8.025439600417895,8.189842847747457,True
vector_thrust,cruise_32,0.8505428551567152,0.10598084310701514,9.068680272471003,8.025439600417895,8.217022902674575,True
vector_thrust,cruise_32,0.8505428551567152,0.10598084310701514,9.068680272471003,8.025439600417895,8.247190487699346,True
vector_thrust,cruise_32,0.8505428551567152,0.10598084310701514,9.068680272471003,8.025439600417895,8.274370542626462,True
vector_thrust,cruise_32,0.8505428551567152,0.10598084310701514,9.068680272471003,8.025439600417895,8.293179724236115,True
vector_thrust,cruise_32,0.8505428551567152,0.10598084310701514,9.068680272471003,8.025439600417895,8.299892643431033,True
vector_thrust,cruise_33,0.8505442542338317,0.10598104361626809,9.068695779921486,8.025437618008823,8.299892643431033,True
vector_thrust,cruise_33,0.8505442542338321,0.10598104361626814,9.06869577992149,8.025437618008821,8.30660556262595,True
vector_thrust,cruise_33,0.8505442542338317,0.10598104361626809,9.068695779921486,8.025437618008823,8.325414744235601,True
vector_thrust,cruise_33,0.8505442542338316,0.10598104361626809,9.068695779921484,8.025437618008821,8.35259479916272,True
vector_thrust,cruise_33,0.8505442542338316,0.10598104361626809,9.068695779921484,8.025437618008821,8.38276238418749,True
vector_thrust,cruise_33,0.8505442542338317,0.10598104361626809,9.068695779921486,8.025437618008823,8.409942439114609,True
vector_thrust,cruise_33,0.8505442542338321,0.10598104361626814,9.06869577992149,8.025437618008821,8.42875162072426,True
vector_thrust,cruise_33,0.8505442542338317,0.10598104361626809,9.068695779921486,8.025437618008823,8.435464539919177,True
vector_thrust,cruise_34,0.8505456721851488,0.1059812468308372,9.068711496577135,8.025435608837041,8.435464539919177,True
vector_thrust,cruise_34,0.8505456721848091,0.10598124683078938,9.068711496573389,8.025435608837459,8.442177459114097,True
vector_thrust,cruise_34,0.8505456721848091,0.10598124683078941,9.06871149657339,8.025435608837457,8.460986640723748,True
vector_thrust,cruise_34,0.8505456721848091,0.10598124683078941,9.06871149657339,8.025435608837457,8.488166695650866,True
vector_thrust,cruise_34,0.8505456721848091,0.10598124683078938,9.068711496573389,8.025435608837459,8.518334280675637,True
vector_thrust,cruise_34,0.850545672184809,0.10598124683078936,9.068711496573387,8.025435608837459,8.545514335602753,True
vector_thrust,cruise_34,0.8505456721848096,0.10598124683078944,9.068711496573393,8.025435608837459,8.564323517212406,True
vector_thrust,cruise_34,0.8505456721848091,0.10598124683078938,9.068711496573389,8.025435608837459,8.571036436407324,True
vector_thrust,cruise_35,0.8505471095585515,0.1059814528292593,9.068727428510877,8.0254335721253,8.571036436407324,True
vector_thrust,cruise_35,0.8505471095583398,0.10598145282922947,9.068727428508542,8.025433572125563,8.577749355602242,True
vector_thrust,cruise_35,0.8505471095583398,0.10598145282922947,9.068727428508542,8.025433572125563,8.596558537211894,True
vector_thrust,cruise_35,0.8505471095583397,0.10598145282922947,9.06872742850854,8.02543357212556,8.623738592139011,True
vector_thrust,cruise_35,0.8505471095583398,0.10598145282922947,9.068727428508542,8.025433572125563,8.653906177163782,True
vector_thrust,cruise_35,0.8505471095583398,0.10598145282922947,9.068727428508542,8.025433572125563,8.6810862320909,True
vector_thrust,cruise_35,0.8505471095583398,0.10598145282922947,9.068727428508542,8.025433572125563,8.69989541370055,True
vector_thrust,cruise_35,0.8505471095583397,0.10598145282922947,9.06872742850854,8.02543357212556,8.706608332895469,True
vector_thrust,cruise_36,0.8505485669278834,0.10598166169378948,9.068743582083318,8.02543150705973,8.706608332895469,True
vector_thrust,cruise_36,0.8505485669278834,0.10598166169378948,9.068743582083318,8.02543150705973,8.713321252090388,True
vector_thrust,cruise_36,0.8505485669278832,0.10598166169378945,9.068743582083314,8.02543150705973,8.73213043370004,True
vector_thrust,cruise_36,0.8505485669278833,0.10598166169378945,9.068743582083316,8.025431507059732,8.759310488627158,True
vector_thrust,cruise_36,0.8505485669278837,0.10598166169378953,9.068743582083322,8.02543150705973,8.789478073651928,True
vector_thrust,cruise_36,0.8505485669278834,0.10598166169378948,9.068743582083318,8.02543150705973,8.816658128579045,True
vector_thrust,cruise_36,0.8505485669278834,0.10598166169378948,9.068743582083318,8.02543150705973,8.835467310188697,True
vector_thrust,cruise_36,0.8505485669278832,0.10598166169378945,9.068743582083314,8.02543150705973,8.842180229383615,True
vector_thrust,cruise_37,0.8505500448931987,0.10598187351044008,9.068759963945586,8.02542941278928,8.842180229383615,True
vector_thrust,cruise_37,0.8505500448931986,0.10598187351044006,9.068759963945585,8.02542941278928,8.848893148578533,True
vector_thrust,cruise_37,0.8505500448931989,0.10598187351044011,9.068759963945588,8.025429412789277,8.867702330188186,True
vector_thrust,cruise_37,0.8505500448931987,0.10598187351044008,9.068759963945586,8.02542941278928,8.894882385115302,True
vector_thrust,cruise_37,0.8505500448931986,0.10598187351044006,9.068759963945585,8.02542941278928,8.925049970140073,True
vector_thrust,cruise_37,0.8505500448931986,0.10598187351044006,9.068759963945585,8.02542941278928,8.952230025067191,True
vector_thrust,cruise_37,0.8505500448931986,0.10598187351044006,9.068759963945585,8.02542941278928,8.971039206676842,True
vector_thrust,cruise_37,0.8505500448931989,0.10598187351044011,9.068759963945588,8.025429412789277,8.97775212587176,True
vector_thrust,cruise_38,0.8505515440820905,0.10598208836917222,9.068776581054083,8.025427288423735,8.97775212587176,True
vector_thrust,cruise_38,0.850551544081991,0.1059820883691582,9.068776581052983,8.025427288423858,8.98446504506668,True
vector_thrust,cruise_38,0.850551544081991,0.1059820883691582,9.068776581052983,8.025427288423858,9.00327422667633,True
vector_thrust,cruise_38,0.850551544081991,0.10598208836915826,9.068776581052987,8.025427288423852,9.030454281603449,True
vector_thrust,cruise_38,0.850551544081991,0.10598208836915826,9.068776581052987,8.025427288423852,9.06062186662822,True
vector_thrust,cruise_38,0.850551544081991,0.10598208836915823,9.068776581052985,8.025427288423856,9.087801921555336,True
vector_thrust,cruise_38,0.850551544081991,0.1059820883691582,9.068776581052983,8.025427288423858,9.106611103164989,True
vector_thrust,cruise_38,0.850551544081991,0.1059820883691582,9.068776581052983,8.025427288423858,9.113324022359906,True
vector_thrust,cruise_39,0.8505530651517436,0.10598230636418929,9.068793440693227,8.025425133030883,9.113324022359906,True
vector_thrust,cruise_39,0.8505530651516909,0.10598230636418185,9.068793440692643,8.02542513303095,9.120036941554824,True
vector_thrust,cruise_39,0.8505530651516909,0.10598230636418185,9.068793440692643,8.02542513303095,9.138846123164477,True
vector_thrust,cruise_39,0.8505530651516905,0.10598230636418182,9.068793440692641,8.025425133030947,9.166026178091593,True
vector_thrust,cruise_39,0.8505530651516909,0.10598230636418185,9.068793440692643,8.02542513303095,9.196193763116364,True
vector_thrust,cruise_39,0.850553065151691,0.10598230636418188,9.068793440692644,8.025425133030948,9.223373818043482,True
vector_thrust,cruise_39,0.850553065151691,0.10598230636418188,9.068793440692644,8.025425133030948,9.242182999653133,True
vector_thrust,cruise_39,0.850553065151691,0.10598230636418188,9.068793440692644,8.025425133030948,9.248895918848053,True
vector_thrust,cruise_40,0.8505546088119292,0.10598252759717797,9.068810550729141,8.025422945608039,9.248895918848053,True
vector_thrust,cruise_40,0.8505546087913863,0.10598252759428686,9.068810550502581,8.025422945633132,9.25560883804297,True
vector_thrust,cruise_40,0.8505546087913862,0.10598252759428686,9.06881055050258,8.02542294563313,9.274418019652622,True
vector_thrust,cruise_40,0.8505546087913862,0.10598252759428686,9.06881055050258,8.02542294563313,9.30159807457974,True
vector_thrust,cruise_40,0.8505546087913862,0.10598252759428686,9.06881055050258,8.02542294563313,9.33176565960451,True
vector_thrust,cruise_40,0.8505546087913861,0.10598252759428684,9.068810550502578,8.025422945633132,9.358945714531627,True
vector_thrust,cruise_40,0.8505546087913862,0.10598252759428686,9.06881055050258,8.02542294563313,9.37775489614128,True
vector_thrust,cruise_40,0.8505546087913863,0.10598252759428686,9.068810550502581,8.025422945633132,9.384467815336198,True
vector_thrust,cruise_41,0.8505561757239708,0.10598275216309502,9.068827918495527,8.025420725205027,9.384467815336198,True
vector_thrust,cruise_41,0.8505561757239034,0.10598275216308553,9.068827918494783,8.02542072520511,9.391180734531115,True
vector_thrust,cruise_41,0.8505561757239034,0.10598275216308553,9.068827918494785,8.02542072520511,9.409989916140768,True
vector_thrust,cruise_41,0.8505561757239034,0.10598275216308553,9.068827918494783,8.02542072520511,9.437169971067885,True
vector_thrust,cruise_41,0.8505561757239034,0.10598275216308553,9.068827918494785,8.02542072520511,9.467337556092655,True
vector_thrust,cruise_41,0.8505561757239034,0.10598275216308553,9.068827918494785,8.02542072520511,9.494517611019774,True
vector_thrust,cruise_41,0.8505561757239034,0.10598275216308553,9.068827918494783,8.02542072520511,9.513326792629424,True
vector_thrust,cruise_41,0.8505561757239034,0.10598275216308553,9.068827918494785,8.02542072520511,9.520039711824344,True
vector_thrust,cruise_42,0.8505577667093159,0.1059829801795262,9.068845553094034,8.025418470668999,9.520039711824344,True
vector_thrust,cruise_42,0.8505577667080723,0.1059829801793512,9.068845553080319,8.025418470670514,9.526752631019262,True
vector_thrust,cruise_42,0.8505577667080726,0.1059829801793512,9.06884555308032,8.025418470670518,9.545561812628913,True
vector_thrust,cruise_42,0.8505577667080723,0.1059829801793512,9.068845553080319,8.025418470670514,9.572741867556031,True
vector_thrust,cruise_42,0.8505577667080724,0.1059829801793512,9.068845553080317,8.025418470670516,9.602909452580802,True
vector_thrust,cruise_42,0.8505577667080726,0.1059829801793512,9.06884555308032,8.025418470670518,9.630089507507918,True
vector_thrust,cruise_42,0.8505577667080726,0.10598298017935123,9.068845553080322,8.025418470670516,9.648898689117571,True
vector_thrust,cruise_42,0.8505577667080726,0.10598298017935123,9.068845553080322,8.025418470670516,9.655611608312489,True
vector_thrust,cruise_43,0.8505593825411798,0.10598321175736983,9.06886346309651,8.025416180898423,9.655611608312489,True
vector_thrust,cruise_43,0.8505593825411798,0.10598321175736983,9.06886346309651,8.025416180898423,9.662324527507407,True
vector_thrust,cruise_43,0.8505593825411802,0.10598321175736988,9.068863463096516,8.025416180898423,9.68113370911706,True
vector_thrust,cruise_43,0.8505593825413221,0.10598321175738987,9.068863463098081,8.02541618089825,9.708313764044176,True
vector_thrust,cruise_43,0.8505593825411802,0.10598321175736988,9.068863463096516,8.025416180898423,9.738481349068946,True
vector_thrust,cruise_43,0.8505593825411799,0.10598321175736986,9.068863463096513,8.025416180898421,9.765661403996065,True
vector_thrust,cruise_43,0.8505593825411616,0.10598321175736725,9.06886346309631,8.025416180898446,9.784470585605716,True
vector_thrust,cruise_43,0.850559382541187,0.10598321175737085,9.068863463096589,8.025416180898413,9.791183504800635,True
vector_thrust,cruise_44,0.8505610240615812,0.10598344701731477,9.068881657835917,8.025413854699622,9.791183504800635,True
vector_thrust,cruise_44,0.8505610240617636,0.10598344701734042,9.068881657837927,8.0254138546994,9.797896423995553,True
vector_thrust,cruise_44,0.8505610240617774,0.10598344701734236,9.068881657838078,8.025413854699384,9.816705605605204,True
vector_thrust,cruise_44,0.8505610240615642,0.10598344701731238,9.06888165783573,8.025413854699641,9.843885660532322,True
vector_thrust,cruise_44,0.8505610240613818,0.10598344701728671,9.068881657833717,8.025413854699865,9.874053245557093,True
vector_thrust,cruise_44,0.8505610240615934,0.10598344701731649,9.06888165783605,8.025413854699606,9.901233300484211,True
vector_thrust,cruise_44,0.8505610240617604,0.10598344701734,9.06888165783789,8.025413854699401,9.920042482093862,True
vector_thrust,cruise_44,0.850561024061782,0.10598344701734302,9.06888165783813,8.025413854699377,9.92675540128878,True
vector_thrust,cruise_45,0.8505626921519138,0.10598368608570644,9.068900147081894,8.02541149082213,9.92675540128878,True
vector_thrust,cruise_45,0.8505626921519132,0.10598368608570632,9.068900147081886,8.025411490822131,9.933468320483698,True
vector_thrust,cruise_45,0.8505626921519136,0.10598368608570638,9.06890014708189,8.025411490822131,9.95227750209335,True
vector_thrust,cruise_45,0.8505626921519134,0.10598368608570632,9.068900147081887,8.025411490822133,9.979457557020467,True
vector_thrust,cruise_45,0.8505626921519138,0.10598368608570644,9.068900147081893,8.02541149082213,10.009625142045238,True
vector_thrust,cruise_45,0.850562692151999,0.1059836860857184,9.068900147082832,8.025411490822027,10.036805196972356,True
vector_thrust,cruise_45,0.8505626921527714,0.10598368608582712,9.068900147091352,8.025411490821082,10.055614378582007,True
vector_thrust,cruise_45,0.85056269215321,0.10598368608588885,9.068900147096189,8.025411490820547,10.062327297776926,True
vector_thrust,cruise_46,0.8505643877379724,0.10598392909526244,9.068918941096417,8.025409087951932,10.062327297776926,True
vector_thrust,cruise_46,0.8505643877411377,0.10598392909570792,9.068918941131326,8.025409087948066,10.069040216971844,True
vector_thrust,cruise_46,0.8505643877412309,0.10598392909572099,9.06891894113235,8.025409087947954,10.087849398581495,True
vector_thrust,cruise_46,0.8505643877435012,0.10598392909604054,9.06891894115739,8.025409087945178,10.115029453508614,True
vector_thrust,cruise_46,0.8505643877463158,0.10598392909643664,9.06891894118843,8.025409087941743,10.145197038533384,True
vector_thrust,cruise_46,0.8505643877489746,0.10598392909681081,9.068918941217754,8.025409087938495,10.172377093460502,True
vector_thrust,cruise_46,0.8505643877509279,0.1059839290970857,9.068918941239296,8.02540908793611,10.191186275070153,True
vector_thrust,cruise_46,0.8505643877516522,0.10598392909718765,9.068918941247285,8.025409087935223,10.197899194265071,True
vector_thrust,cruise_47,0.8505661118111767,0.10598417618806852,9.068938050868018,8.025406644684866,10.197899194265071,True
vector_thrust,cruise_47,0.8505661118111764,0.10598417618806846,9.068938050868015,8.025406644684868,10.20461211345999,True
vector_thrust,cruise_47,0.8505661118111767,0.10598417618806852,9.06893805086802,8.025406644684866,10.223421295069642,True
vector_thrust,cruise_47,0.850566111811175,0.10598417618806824,9.068938050867999,8.025406644684871,10.25060134999676,True
vector_thrust,cruise_47,0.8505661118111767,0.10598417618806852,9.06893805086802,8.025406644684866,10.28076893502153,True
vector_thrust,cruise_47,0.8505661118111765,0.10598417618806846,9.068938050868013,8.02540664468487,10.307948989948647,True
vector_thrust,cruise_47,0.8505661118111713,0.10598417618806771,9.068938050867956,8.025406644684876,10.3267581715583,True
vector_thrust,cruise_47,0.8505661118111774,0.10598417618806857,9.068938050868022,8.02540664468487,10.333471090753218,True
vector_thrust,cruise_48,0.8505678653952827,0.10598442751090362,9.068957487744894,8.025404159566525,10.333471090753218,True
vector_thrust,cruise_48,0.8505678653952832,0.10598442751090364,9.068957487744896,8.025404159566527,10.340184009948135,True
vector_thrust,cruise_48,0.8505678653952274,0.10598442751089579,9.06895748774428,8.025404159566596,10.358993191557786,True
vector_thrust,cruise_48,0.8505678653952825,0.10598442751090359,9.06895748774489,8.025404159566525,10.386173246484905,True
vector_thrust,cruise_48,0.8505678653952827,0.10598442751090362,9.068957487744894,8.025404159566525,10.416340831509675,True
vector_thrust,cruise_48,0.8505678653952827,0.10598442751090362,9.068957487744894,8.025404159566525,10.443520886436794,True
vector_thrust,cruise_48,0.8505678653952607,0.10598442751090048,9.068957487744647,8.025404159566556,10.462330068046445,True
vector_thrust,cruise_48,0.8505678653952826,0.10598442751090359,9.068957487744893,8.025404159566525,10.469042987241362,True
vector_thrust,cruise_49,0.8505696495893137,0.10598468322129273,9.068977263908586,8.025401631038994,10.469042987241362,True
vector_thrust,cruise_49,0.8505696495876013,0.10598468322105176,9.068977263889701,8.025401631041083,10.475755906436282,True
vector_thrust,cruise_49,0.8505696495875698,0.10598468322104729,9.068977263889352,8.025401631041124,10.494565088045933,True
vector_thrust,cruise_49,0.8505696495875427,0.10598468322104349,9.068977263889055,8.025401631041156,10.521745142973051,True
vector_thrust,cruise_49,0.8505696495875309,0.10598468322104182,9.068977263888925,8.025401631041172,10.551912727997822,True
vector_thrust,cruise_49,0.8505696495875205,0.10598468322104038,9.068977263888812,8.025401631041182,10.579092782924938,True
vector_thrust,cruise_49,0.8505696495875136,0.1059846832210394,9.068977263888735,8.025401631041191,10.597901964534591,True
vector_thrust,cruise_49,0.8505696495875115,0.10598468322103913,9.068977263888714,8.025401631041191,10.604614883729509,True
vector_thrust,cruise_50,0.850571465549391,0.10598494348496179,9.068997392173893,8.025399057462144,10.604614883729509,True
vector_thrust,cruise_50,0.8505714655454478,0.10598494348440687,9.068997392130408,8.02539905746696,10.611327802924427,True
vector_thrust,cruise_50,0.8505714655454181,0.10598494348440266,9.068997392130079,8.025399057466997,10.63013698453408,True
vector_thrust,cruise_50,0.8505714655453778,0.10598494348439699,9.068997392129635,8.025399057467046,10.657317039461196,True
vector_thrust,cruise_50,0.8505714655453324,0.10598494348439058,9.068997392129132,8.025399057467103,10.687484624485966,True
vector_thrust,cruise_50,0.8505714655452935,0.10598494348438511,9.068997392128702,8.025399057467151,10.714664679413085,True
vector_thrust,cruise_50,0.8505714655452665,0.10598494348438131,9.068997392128404,8.025399057467183,10.733473861022736,True
vector_thrust,cruise_50,0.8505714655452574,0.10598494348438003,9.068997392128304,8.025399057467194,10.740186780217654,True
vector_thrust,cruise_51,0.850573314495763,0.10598520847683979,9.069017886066613,8.025396437104078,10.740186780217654,True
vector_thrust,cruise_51,0.8505733144914933,0.1059852084762389,9.069017886019529,8.025396437109293,10.746899699412573,True
vector_thrust,cruise_51,0.8505733144914625,0.1059852084762345,9.069017886019184,8.025396437109336,10.765708881022224,True
vector_thrust,cruise_51,0.8505733144914192,0.10598520847622844,9.069017886018708,8.025396437109386,10.792888935949343,True
vector_thrust,cruise_51,0.8505733144913712,0.10598520847622167,9.069017886018178,8.025396437109446,10.823056520974113,True
vector_thrust,cruise_51,0.8505733144913302,0.1059852084762159,9.069017886017726,8.025396437109496,10.85023657590123,True
vector_thrust,cruise_51,0.8505733144913015,0.10598520847621187,9.06901788601741,8.02539643710953,10.869045757510882,True
vector_thrust,cruise_51,0.8505733144912917,0.10598520847621049,9.069017886017301,8.025396437109542,10.8757586767058,True
vector_thrust,cruise_52,0.8505751977276932,0.10598547838316871,9.069038759988091,8.02539376812183,10.8757586767058,True
vector_thrust,cruise_52,0.8505751977244684,0.10598547838271483,9.069038759952525,8.025393768125774,10.882471595900718,True
vector_thrust,cruise_52,0.850575197724451,0.10598547838271236,9.069038759952333,8.025393768125795,10.90128077751037,True
vector_thrust,cruise_52,0.8505751977244257,0.10598547838270883,9.069038759952052,8.025393768125824,10.928460832437487,True
vector_thrust,cruise_52,0.8505751977243979,0.10598547838270492,9.069038759951747,8.02539376812586,10.958628417462258,True
vector_thrust,cruise_52,0.8505751977243741,0.10598547838270156,9.069038759951487,8.025393768125888,10.985808472389376,True
vector_thrust,cruise_52,0.8505751977243579,0.10598547838269928,9.069038759951306,8.025393768125907,11.004617653999027,True
vector_thrust,cruise_52,0.8505751977243523,0.1059854783826985,9.069038759951246,8.025393768125914,11.011330573193945,True
vector_thrust,cruise_53,0.8505771166244631,0.10598575340166061,9.069060029226597,8.025391048558948,11.011330573193945,True
vector_thrust,cruise_53,0.8505771166230096,0.10598575340145605,9.069060029210567,8.025391048560722,11.018043492388864,True
vector_thrust,cruise_53,0.8505771166230066,0.1059857534014556,9.069060029210535,8.025391048560728,11.036852673998515,True
vector_thrust,cruise_53,0.8505771166230016,0.10598575340145491,9.06906002921048,8.025391048560733,11.064032728925634,True
vector_thrust,cruise_53,0.850577116622997,0.10598575340145427,9.069060029210428,8.025391048560738,11.094200313950404,True
vector_thrust,cruise_53,0.8505771166229926,0.10598575340145364,9.069060029210382,8.025391048560746,11.12138036887752,True
vector_thrust,cruise_53,0.8505771166229902,0.1059857534014533,9.069060029210352,8.025391048560747,11.140189550487174,True
vector_thrust,cruise_53,0.850577116622989,0.10598575340145314,9.06906002921034,8.02539104856075,11.146902469682091,True
vector_thrust,cruise_54,0.8505790726529989,0.10598603374258872,9.069081710041829,8.025388276334827,11.146902469682091,True
vector_thrust,cruise_54,0.8505790726528456,0.10598603374256713,9.069081710040138,8.025388276335015,11.153615388877009,True
vector_thrust,cruise_54,0.8505790726528494,0.10598603374256765,9.069081710040178,8.025388276335011,11.172424570486662,True
vector_thrust,cruise_54,0.8505790726528542,0.10598603374256832,9.06908171004023,8.025388276335006,11.199604625413778,True
vector_thrust,cruise_54,0.8505790726528584,0.10598603374256893,9.069081710040278,8.025388276334999,11.229772210438549,True
vector_thrust,cruise_54,0.8505790726528618,0.10598603374256937,9.069081710040315,8.025388276334999,11.256952265365667,True
vector_thrust,cruise_54,0.8505790726528647,0.10598603374256976,9.069081710040344,8.025388276334997,11.275761446975318,True
vector_thrust,cruise_54,0.8505790726528656,0.10598603374256993,9.069081710040358,8.025388276334992,11.282474366170238,True
vector_thrust,cruise_55,0.8505810673737381,0.10598631962963223,9.069103819730005,8.025385449236111,11.282474366170238,True
vector_thrust,cruise_55,0.8505810673733115,0.10598631962957222,9.069103819725305,8.02538544923663,11.289187285365156,True
vector_thrust,cruise_55,0.8505810673733089,0.10598631962957186,9.069103819725274,8.025385449236632,11.307996466974807,True
vector_thrust,cruise_55,0.8505810673733065,0.1059863196295715,9.069103819725246,8.025385449236637,11.335176521901925,True
vector_thrust,cruise_55,0.850581067373304,0.10598631962957111,9.069103819725218,8.025385449236643,11.365344106926695,True
vector_thrust,cruise_55,0.850581067373301,0.10598631962957075,9.069103819725187,8.025385449236643,11.392524161853812,True
vector_thrust,cruise_55,0.8505810673732989,0.10598631962957045,9.069103819725164,8.025385449236644,11.411333343463465,True
vector_thrust,cruise_55,0.8505810673732982,0.10598631962957036,9.069103819725157,8.025385449236644,11.418046262658383,True
vector_thrust,cruise_56,0.8505831024434892,0.10598661130030132,9.069126376655905,8.025382564911489,11.418046262658383,True
vector_thrust,cruise_56,0.8505831031143529,0.10598661139471827,9.069126384054577,8.025382564091872,11.4247591818533,True
vector_thrust,cruise_56,0.850583103123932,0.10598661139606641,9.06912638416022,8.02538256408017,11.443568363462953,True
vector_thrust,cruise_56,0.8505831031714935,0.1059866114027602,9.069126384684756,8.025382564022062,11.47074841839007,True
vector_thrust,cruise_56,0.8505831032092939,0.10598661140808019,9.06912638510164,8.02538256397588,11.50091600341484,True
vector_thrust,cruise_56,0.8505831032773628,0.10598661141766014,9.069126385852343,8.02538256389272,11.528096058341958,True
vector_thrust,cruise_56,0.8505831032530071,0.10598661141423235,9.069126385583736,8.025382563922475,11.54690523995161,True
vector_thrust,cruise_56,0.8505831032497255,0.1059866114137705,9.069126385547545,8.025382563926485,11.553618159146529,True
vector_thrust,cruise_57,0.8505851796372629,0.10598690900903288,9.069149400494103,8.025379620843275,11.553618159146529,True
vector_thrust,cruise_57,0.8505851802222988,0.10598690909137065,9.069149406946218,8.025379620128508,11.560331078341447,True
vector_thrust,cruise_57,0.8505851802798442,0.10598690909946959,9.06914940758086,8.0253796200582,11.579140259951098,True
vector_thrust,cruise_57,0.8505851802789506,0.10598690909934383,9.069149407571006,8.02537962005929,11.606320314878216,True
vector_thrust,cruise_57,0.850585180328517,0.1059869091063198,9.069149408117655,8.025379619998732,11.636487899902987,True
vector_thrust,cruise_57,0.8505851802853519,0.10598690910024472,9.0691494076416,8.025379620051472,11.663667954830103,True
vector_thrust,cruise_57,0.8505851803245345,0.10598690910575925,9.069149408073729,8.025379620003601,11.682477136439756,True
vector_thrust,cruise_57,0.8505851803576374,0.10598690911041816,9.069149408438808,8.025379619963157,11.689190055634674,True
vector_thrust,cruise_58,0.8505873008489192,0.10598721302730926,9.069172912236724,8.025376614344525,11.689190055634674,True
vector_thrust,cruise_58,0.8505873008489322,0.10598721302731107,9.069172912236866,8.02537661434451,11.695902974829592,True
vector_thrust,cruise_58,0.8505873008489323,0.1059872130273111,9.069172912236867,8.02537661434451,11.714712156439244,True
vector_thrust,cruise_58,0.8505873008489315,0.10598721302731098,9.069172912236857,8.02537661434451,11.74189221136636,True
vector_thrust,cruise_58,0.85058730084893,0.10598721302731079,9.069172912236844,8.02537661434451,11.772059796391131,True
vector_thrust,cruise_58,0.8505873008489306,0.10598721302731087,9.069172912236851,8.02537661434451,11.79923985131825,True
vector_thrust,cruise_58,0.8505873008489304,0.10598721302731082,9.069172912236846,8.025376614344514,11.8180490329279,True
vector_thrust,cruise_58,0.8505873008489285,0.10598721302731054,9.069172912236823,8.025376614344516,11.82476195212282,True
vector_thrust,cruise_59,0.8505894681065366,0.10598752364585129,9.069196934363557,8.02537354253801,11.82476195212282,True
vector_thrust,cruise_59,0.850589468106547,0.10598752364585276,9.069196934363674,8.025373542537997,11.831474871317738,True
vector_thrust,cruise_59,0.850589468106548,0.10598752364585287,9.069196934363681,8.025373542537997,11.850284052927389,True
vector_thrust,cruise_59,0.8505894681065467,0.1059875236458527,9.069196934363669,8.025373542537997,11.877464107854507,True
vector_thrust,cruise_59,0.8505894681065462,0.10598752364585265,9.069196934363664,8.025373542537997,11.907631692879278,True
vector_thrust,cruise_59,0.850589468106546,0.10598752364585265,9.069196934363662,8.025373542537995,11.934811747806396,True
vector_thrust,cruise_59,0.8505894681065452,0.10598752364585251,9.069196934363655,8.025373542537999,11.953620929416047,True
vector_thrust,cruise_59,0.8505894681065467,0.1059875236458527,9.069196934363669,8.025373542537997,11.960333848610965,True
vector_thrust,cruise_60,0.8505916835845786,0.1059878411763647,9.069221490976988,8.02537040233876,11.960333848610965,True
vector_thrust,cruise_60,0.8505916835845865,0.10598784117636578,9.069221490977073,8.025370402338753,11.967046767805883,True
vector_thrust,cruise_60,0.8505916835845865,0.10598784117636578,9.069221490977073,8.025370402338753,11.985855949415535,True
vector_thrust,cruise_60,0.8505916835845873,0.1059878411763659,9.069221490977082,8.025370402338751,12.013036004342652,True
vector_thrust,cruise_60,0.8505916835845854,0.10598784117636562,9.069221490977062,8.025370402338755,12.043203589367423,True
vector_thrust,cruise_60,0.8505916835845865,0.10598784117636578,9.069221490977073,8.025370402338753,12.070383644294541,True
vector_thrust,cruise_60,0.8505916835845873,0.1059878411763659,9.069221490977082,8.025370402338751,12.089192825904192,True
vector_thrust,cruise_60,0.8505916835845866,0.10598784117636581,9.069221490977077,8.025370402338751,12.095905745099111,True
vector_thrust,cruise_61,0.8505939496185845,0.10598816595364563,9.0692466079648,8.025367190433272,12.095905745099111,True
vector_thrust,cruise_61,0.8505939496185484,0.10598816595364052,9.069246607964399,8.025367190433318,12.10261866429403,True
vector_thrust,cruise_61,0.8505939496185484,0.10598816595364055,9.0692466079644,8.025367190433316,12.12142784590368,True
vector_thrust,cruise_61,0.8505939496185452,0.10598816595364005,9.069246607964363,8.025367190433323,12.148607900830799,True
vector_thrust,cruise_61,0.8505939496197271,0.10598816595380645,9.069246607977401,8.025367190431878,12.178775485855569,True
vector_thrust,cruise_61,0.8505939496185413,0.1059881659536395,9.06924660796432,8.025367190433329,12.205955540782687,True
vector_thrust,cruise_61,0.8505939496185461,0.10598816595364019,9.069246607964374,8.025367190433322,12.224764722392338,True
vector_thrust,cruise_61,0.8505939496185957,0.10598816595364718,9.06924660796492,8.025367190433261,12.231477641587256,True
vector_thrust,cruise_62,0.7096697355588639,0.0875989155822871,7.519641535921346,8.10135297727775,12.231477641587256,True
vector_thrust,cruise_62,0.7096697355590176,0.08759891558230473,7.519641535923013,8.101352977277873,12.238190560782176,True
vector_thrust,cruise_62,0.7096697355590182,0.08759891558230476,7.519641535923016,8.101352977277879,12.256999742391827,True
vector_thrust,cruise_62,0.7096697355590176,0.08759891558230473,7.519641535923013,8.101352977277873,12.284179797318945,True
vector_thrust,cruise_62,0.7096697355590181,0.08759891558230479,7.519641535923017,8.101352977277875,12.314347382343716,True
vector_thrust,cruise_62,0.7096697355590155,0.08759891558230448,7.519641535922989,8.101352977277873,12.341527437270832,True
vector_thrust,cruise_62,0.7096697355590134,0.08759891558230423,7.519641535922965,8.101352977277871,12.360336618880485,True
vector_thrust,cruise_62,0.7096697355590121,0.0875989155823041,7.519641535922954,8.101352977277871,12.367049538075403,True
vector_thrust,cruise_63,0.7097339163301886,0.08760645597535333,7.520341670208104,8.101388287295412,12.367049538075403,True
vector_thrust,cruise_63,0.7097339163240868,0.08760645597465422,7.520341670141938,8.101388287290412,12.37376245727032,True
vector_thrust,cruise_63,0.709733916324122,0.08760645597465827,7.520341670142319,8.101388287290439,12.392571638879971,True
vector_thrust,cruise_63,0.7097339163241383,0.08760645597466016,7.520341670142497,8.101388287290451,12.41975169380709,True
vector_thrust,cruise_63,0.7097339163241411,0.08760645597466044,7.520341670142524,8.101388287290456,12.44991927883186,True
vector_thrust,cruise_63,0.7097339163241457,0.08760645597466099,7.520341670142577,8.101388287290458,12.477099333758979,True
vector_thrust,cruise_63,0.7097339163241468,0.08760645597466113,7.52034167014259,8.101388287290458,12.49590851536863,True
vector_thrust,cruise_63,0.7097339163241465,0.08760645597466107,7.520341670142584,8.10138828729046,12.502621434563547,True
vector_thrust,cruise_64,0.7098002214698885,0.08761424674137863,7.521064983817966,8.101424686844481,12.502621434563547,True
vector_thrust,cruise_64,0.7098002213688092,0.08761424672979715,7.521064982721924,8.1014246867617,12.509334353758467,True
vector_thrust,cruise_64,0.7098002213683362,0.08761424672974297,7.521064982716797,8.101424686761312,12.528143535368118,True
vector_thrust,cruise_64,0.7098002213676622,0.08761424672966572,7.521064982709488,8.101424686760762,12.555323590295236,True
vector_thrust,cruise_64,0.7098002213669262,0.0876142467295814,7.521064982701507,8.101424686760158,12.585491175320007,True
vector_thrust,cruise_64,0.7098002213662813,0.08761424672950752,7.521064982694514,8.101424686759628,12.612671230247123,True
vector_thrust,cruise_64,0.7098002213658474,0.08761424672945778,7.521064982689809,8.101424686759277,12.631480411856776,True
vector_thrust,cruise_64,0.7098002213656952,0.08761424672944032,7.521064982688157,8.101424686759152,12.638193331051694,True
vector_thrust,cruise_65,0.7098687900415834,0.08762230430054835,7.521812994305318,8.101462244210131,12.638193331051694,True
vector_thrust,cruise_65,0.7098687900415838,0.08762230430054838,7.521812994305321,8.101462244210133,12.644906250246612,True
vector_thrust,cruise_65,0.7098687900415838,0.08762230430054838,7.521812994305321,8.101462244210133,12.663715431856264,True
vector_thrust,cruise_65,0.7098687900415838,0.08762230430054838,7.521812994305321,8.101462244210133,12.690895486783381,True
vector_thrust,cruise_65,0.7098687900415838,0.08762230430054838,7.521812994305321,8.101462244210133,12.721063071808151,True
vector_thrust,cruise_65,0.7098687900415834,0.08762230430054835,7.521812994305318,8.101462244210131,12.74824312673527,True
vector_thrust,cruise_65,0.7098687900415834,0.08762230430054835,7.521812994305318,8.101462244210131,12.76705230834492,True
vector_thrust,cruise_65,0.7098687900415834,0.08762230430054835,7.521812994305318,8.101462244210131,12.773765227539839,True
vector_thrust,cruise_66,0.7099397756428023,0.08763064678920496,7.522587377800617,8.10150103479846,12.773765227539839,True
vector_thrust,cruise_66,0.7099397756428023,0.08763064678920496,7.522587377800617,8.10150103479846,12.780478146734758,True
vector_thrust,cruise_66,0.7099397756428023,0.08763064678920496,7.522587377800617,8.10150103479846,12.799287328344409,True
vector_thrust,cruise_66,0.7099397756428023,0.08763064678920496,7.522587377800617,8.10150103479846,12.826467383271527,True
vector_thrust,cruise_66,0.7099397756428023,0.08763064678920496,7.522587377800617,8.10150103479846,12.856634968296298,True
vector_thrust,cruise_66,0.7099397756428023,0.08763064678920496,7.522587377800617,8.10150103479846,12.883815023223415,True
vector_thrust,cruise_66,0.7099397756428023,0.08763064678920496,7.522587377800617,8.10150103479846,12.902624204833067,True
vector_thrust,cruise_66,0.7099397756428021,0.08763064678920493,7.522587377800614,8.10150103479846,12.909337124027985,True
vector_thrust,cruise_67,0.7100133438379467,0.0876392937727947,7.523389941310019,8.101541138369505,12.909337124027985,True
vector_thrust,cruise_67,0.7100133474732025,0.08763929418945943,7.5233899807294256,8.101541141331984,12.916050043222903,True
vector_thrust,cruise_67,0.7100133474726311,0.08763929418939395,7.523389980723233,8.101541141331515,12.934859224832556,True
vector_thrust,cruise_67,0.7100133474719434,0.08763929418931513,7.523389980715776,8.101541141330955,12.962039279759672,True
vector_thrust,cruise_67,0.71001334747112,0.08763929418922073,7.523389980706845,8.101541141330285,12.992206864784443,True
vector_thrust,cruise_67,0.7100133474704304,0.08763929418914171,7.52338998069937,8.101541141329722,13.019386919711561,True
vector_thrust,cruise_67,0.710013347469985,0.08763929418909061,7.523389980694537,8.101541141329363,13.038196101321212,True
vector_thrust,cruise_67,0.7100133474697846,0.08763929418906768,7.523389980692366,8.101541141329196,13.04490902051613,True
vector_thrust,cruise_68,0.7100896934918763,0.08764826869950137,7.524222854208595,8.10158265562998,13.04490902051613,True
vector_thrust,cruise_68,0.7100896934966948,0.08764826870005377,7.524222854260849,8.101582655633896,13.05162193971105,True
vector_thrust,cruise_68,0.7100896934812947,0.08764826869828843,7.5242228540938525,8.101582655621367,13.0704311213207,True
vector_thrust,cruise_68,0.7100896934596637,0.0876482686958088,7.524222853859291,8.101582655603773,13.097611176247819,True
vector_thrust,cruise_68,0.7100896934362455,0.08764826869312434,7.524222853605351,8.101582655584721,13.12777876127259,True
vector_thrust,cruise_68,0.7100896934156515,0.08764826869076361,7.524222853382036,8.101582655567968,13.154958816199706,True
vector_thrust,cruise_68,0.710089693402006,0.0876482686891994,7.524222853234064,8.10158265555687,13.173767997809358,True
vector_thrust,cruise_68,0.7100896933972096,0.08764826868864961,7.524222853182057,8.101582655552964,13.180480917004276,True
vector_thrust,cruise_69,0.7101690204047405,0.08765759474214099,7.5250882540983115,8.101625677658824,13.180480917004276,True
vector_thrust,cruise_69,0.7101690202511439,0.08765759472453169,7.525088252432736,8.101625677534104,13.187193836199194,True
vector_thrust,cruise_69,0.7101690202361384,0.08765759472281134,7.525088252270021,8.10162567752192,13.206003017808847,True
vector_thrust,cruise_69,0.7101690202146912,0.0876575947203525,7.525088252037449,8.101625677504504,13.233183072735963,True
vector_thrust,cruise_69,0.7101690201915881,0.08765759471770385,7.525088251786925,8.101625677485742,13.263350657760734,True
vector_thrust,cruise_69,0.710169020171153,0.08765759471536103,7.525088251565329,8.101625677469151,13.290530712687852,True
vector_thrust,cruise_69,0.7101690201575354,0.0876575947137998,7.525088251417661,8.101625677458093,13.309339894297503,True
vector_thrust,cruise_69,0.7101690201526407,0.08765759471323864,7.525088251364584,8.10162567745412,13.316052813492421,True
vector_thrust,cruise_70,0.7102515576676482,0.0876672994354932,7.525988684634873,8.10167031767941,13.316052813492421,True
vector_thrust,cruise_70,0.7102515596148812,0.08766729965876643,7.525988705750549,8.1016703192575,13.32276573268734,True
vector_thrust,cruise_70,0.7102515596167248,0.08766729965897785,7.525988705770542,8.101670319258993,13.341574914296991,True
vector_thrust,cruise_70,0.7102515596195361,0.0876672996593002,7.525988705801027,8.10167031926127,13.36875496922411,True
vector_thrust,cruise_70,0.710251559622589,0.08766729965965023,7.525988705834132,8.101670319263746,13.39892255424888,True
vector_thrust,cruise_70,0.710251559625251,0.08766729965995546,7.525988705862999,8.101670319265905,13.426102609175997,True
vector_thrust,cruise_70,0.7102515596270514,0.08766729966016193,7.525988705882523,8.10167031926736,13.44491179078565,True
vector_thrust,cruise_70,0.7102515596274723,0.0876672996602102,7.525988705887087,8.1016703192677,13.451624709980567,True
vector_thrust,cruise_71,0.7103375738283085,0.08767741448109834,7.526927075911108,8.101716708143172,13.451624709980567,True
vector_thrust,cruise_71,0.7103375738283068,0.08767741448109814,7.5269270759110904,8.10171670814317,13.458337629175485,True
vector_thrust,cruise_71,0.7103375738283068,0.08767741448109814,7.5269270759110904,8.10171670814317,13.477146810785138,True
vector_thrust,cruise_71,0.7103375738283061,0.08767741448109806,7.526927075911081,8.10171670814317,13.504326865712255,True
vector_thrust,cruise_71,0.7103375738283056,0.08767741448109803,7.526927075911078,8.101716708143167,13.534494450737025,True
vector_thrust,cruise_71,0.7103375738283056,0.08767741448109803,7.526927075911078,8.101716708143167,13.561674505664143,True
vector_thrust,cruise_71,0.7103375738283076,0.08767741448109825,7.526927075911098,8.10171670814317,13.580483687273794,True
vector_thrust,cruise_71,0.7103375738283056,0.08767741448109803,7.526927075911078,8.101716708143167,13.587196606468714,True
vector_thrust,cruise_72,0.7104273537847322,0.08768797357360306,7.527906537593314,8.101764983637324,13.587196606468714,True
vector_thrust,cruise_72,0.7104273537847221,0.08768797357360189,7.527906537593203,8.101764983637317,13.593909525663632,True
vector_thrust,cruise_72,0.7104273537847322,0.08768797357360306,7.527906537593314,8.101764983637324,13.612718707273283,True
vector_thrust,cruise_72,0.7104273537847287,0.08768797357360264,7.5279065375932745,8.101764983637322,13.639898762200401,True
vector_thrust,cruise_72,0.7104273537847322,0.08768797357360306,7.527906537593314,8.101764983637324,13.670066347225172,True
vector_thrust,cruise_72,0.7104273537847234,0.08768797357360206,7.527906537593217,8.101764983637315,13.697246402152288,True
vector_thrust,cruise_72,0.7104273537847322,0.08768797357360306,7.527906537593314,8.101764983637324,13.716055583761941,True
vector_thrust,cruise_72,0.7104273537847322,0.08768797357360306,7.527906537593314,8.101764983637324,13.722768502956859,True
vector_thrust,cruise_73,0.710521229828841,0.08769901598124794,7.528930695950826,8.101815304070993,13.722768502956859,True
vector_thrust,cruise_73,0.7105212298339451,0.08769901598183338,7.528930696006171,8.101815304075107,13.729481422151776,True
vector_thrust,cruise_73,0.710521229834167,0.08769901598185886,7.52893069600858,8.101815304075282,13.74829060376143,True
vector_thrust,cruise_73,0.7105212298320708,0.08769901598161844,7.52893069598585,8.101815304073591,13.775470658688546,True
vector_thrust,cruise_73,0.7105212298320814,0.08769901598161964,7.528930695985965,8.101815304073602,13.805638243713316,True
vector_thrust,cruise_73,0.7105212298320922,0.08769901598162086,7.52893069598608,8.101815304073613,13.832818298640435,True
vector_thrust,cruise_73,0.7105212298321005,0.08769901598162183,7.528930695986171,8.101815304073618,13.851627480250086,True
vector_thrust,cruise_73,0.7105212298321024,0.08769901598162202,7.52893069598619,8.101815304073622,13.858340399445005,True
vector_thrust,cruise_74,0.71061957687345,0.08771058602445544,7.530003642581797,8.101867848372548,13.858340399445005,True
vector_thrust,cruise_74,0.7106195769145709,0.08771058602917325,7.5300036430277295,8.101867848405584,13.865053318639923,True
vector_thrust,cruise_74,0.7106195769145706,0.08771058602917323,7.530003643027727,8.101867848405584,13.883862500249574,True
vector_thrust,cruise_74,0.7106195769145709,0.08771058602917325,7.5300036430277295,8.101867848405584,13.911042555176692,True
vector_thrust,cruise_74,0.7106195769139196,0.08771058602909856,7.530003643020669,8.101867848405059,13.941210140201463,True
vector_thrust,cruise_74,0.7106195769175229,0.08771058602951196,7.530003643059742,8.101867848407956,13.96839019512858,True
vector_thrust,cruise_74,0.7106195769460747,0.08771058603278767,7.530003643369369,8.1018678484309,13.987199376738232,True
vector_thrust,cruise_74,0.7106195769525989,0.08771058603353621,7.5300036434401205,8.10186784843614,13.99391229593315,True
vector_thrust,cruise_75,0.7107228231201643,0.08772273433110869,7.531130050693547,8.101922820115789,13.99391229593315,True
vector_thrust,cruise_75,0.7107228231212485,0.08772273433123307,7.531130050705303,8.10192282011666,14.000625215128068,True
vector_thrust,cruise_75,0.7107228231178204,0.08772273433083971,7.53113005066813,8.101922820113913,14.01943439673772,True
vector_thrust,cruise_75,0.7107228231212571,0.08772273433123406,7.531130050705398,8.101922820116668,14.046614451664837,True
vector_thrust,cruise_75,0.7107228231213134,0.08772273433124053,7.53113005070601,8.101922820116712,14.076782036689607,True
vector_thrust,cruise_75,0.7107228231214092,0.08772273433125152,7.5311300507070476,8.101922820116789,14.103962091616726,True
vector_thrust,cruise_75,0.7107228231215098,0.08772273433126307,7.531130050708138,8.101922820116869,14.122771273226377,True
vector_thrust,cruise_75,0.710722823121546,0.08772273433126723,7.531130050708531,8.101922820116897,14.129484192421296,True
vector_thrust,cruise_76,0.710831460134316,0.08773551903187526,7.532315285100537,8.101980451908688,14.129484192421296,True
vector_thrust,cruise_76,0.7108314601337593,0.08773551903181134,7.532315285094496,8.101980451908245,14.136197111616214,True
vector_thrust,cruise_76,0.7108314601331857,0.0877355190317455,7.532315285088277,8.101980451907787,14.155006293225865,True
vector_thrust,cruise_76,0.7108314601334287,0.0877355190317734,7.532315285090912,8.10198045190798,14.182186348152984,True
vector_thrust,cruise_76,0.7108314601335664,0.0877355190317892,7.532315285092404,8.10198045190809,14.212353933177754,True
vector_thrust,cruise_76,0.7108314601333469,0.08773551903176402,7.532315285090024,8.101980451907915,14.239533988104872,True
vector_thrust,cruise_76,0.7108314601332711,0.0877355190317553,7.532315285089203,8.101980451907856,14.258343169714523,True
vector_thrust,cruise_76,0.7108314601331868,0.08773551903174562,7.532315285088286,8.101980451907789,14.265056088909441,True
vector_thrust,cruise_77,0.7109460563760601,0.08774900736249217,7.533565549895032,8.102041011576732,14.265056088909441,True
vector_thrust,cruise_77,0.7109460563760697,0.08774900736249328,7.533565549895135,8.102041011576738,14.271769008104359,True
vector_thrust,cruise_77,0.7109460563763434,0.08774900736252464,7.533565549898102,8.102041011576963,14.290578189714012,True
vector_thrust,cruise_77,0.7109460563760601,0.08774900736249217,7.533565549895032,8.102041011576732,14.317758244641128,True
vector_thrust,cruise_77,0.710946056376096,0.08774900736249625,7.533565549895418,8.102041011576764,14.347925829665899,True
vector_thrust,cruise_77,0.7109460563760733,0.08774900736249369,7.533565549895177,8.102041011576741,14.375105884593017,True
vector_thrust,cruise_77,0.7109460563760692,0.08774900736249319,7.533565549895129,8.102041011576741,14.393915066202668,True
vector_thrust,cruise_77,0.7109460563761424,0.0877490073625016,7.533565549895924,8.102041011576798,14.400627985397588,True
vector_thrust,cruise_78,0.7110672737323881,0.08776327762425173,7.5348880689167,8.102104809448205,14.400627985397588,True
vector_thrust,cruise_78,0.711067273732414,0.0877632776242547,7.53488806891698,8.102104809448226,14.407340904592505,True
vector_thrust,cruise_78,0.7110672737323881,0.08776327762425173,7.5348880689167,8.102104809448205,14.426150086202156,True
vector_thrust,cruise_78,0.7110672737323896,0.0877632776242519,7.534888068916716,8.102104809448209,14.453330141129275,True
vector_thrust,cruise_78,0.7110672737324284,0.08776327762425637,7.5348880689171365,8.102104809448237,14.483497726154045,True
vector_thrust,cruise_78,0.7110672737324485,0.08776327762425867,7.534888068917356,8.102104809448253,14.510677781081164,True
vector_thrust,cruise_78,0.7110672737324946,0.08776327762426397,7.534888068917855,8.102104809448289,14.529486962690815,True
vector_thrust,cruise_78,0.7110672737323878,0.0877632776242517,7.534888068916698,8.102104809448205,14.536199881885732,True
vector_thrust,cruise_79,0.7111958890420421,0.08777842173610906,7.53629132071134,8.102172207881932,14.536199881885732,True
vector_thrust,cruise_79,0.7111958890420714,0.08777842173611242,7.536291320711656,8.102172207881956,14.542912801080652,True
vector_thrust,cruise_79,0.711195889042042,0.08777842173610903,7.536291320711337,8.102172207881933,14.561721982690303,True
vector_thrust,cruise_79,0.7111958890420563,0.08777842173611064,7.5362913207114905,8.102172207881948,14.588902037617421,True
vector_thrust,cruise_79,0.711195889042042,0.08777842173610903,7.536291320711337,8.102172207881933,14.619069622642192,True
vector_thrust,cruise_79,0.7111958890420648,0.08777842173611167,7.536291320711585,8.10217220788195,14.646249677569308,True
vector_thrust,cruise_79,0.7111958890420966,0.0877784217361153,7.536291320711928,8.102172207881976,14.665058859178961,True
vector_thrust,cruise_79,0.7111958890420682,0.08777842173611206,7.536291320711623,8.102172207881953,14.671771778373879,True
vector_thrust,cruise_80,0.7113328221295936,0.08779454855936597,7.53778534454792,8.102243633596407,14.671771778373879,True
vector_thrust,cruise_80,0.7113328221295934,0.08779454855936597,7.537785344547917,8.102243633596405,14.678484697568797,True
vector_thrust,cruise_80,0.7113328221295981,0.0877945485593665,7.537785344547968,8.10224363359641,14.697293879178448,True
vector_thrust,cruise_80,0.7113328221295951,0.08779454855936619,7.537785344547938,8.102243633596405,14.724473934105566,True
vector_thrust,cruise_80,0.7113328221295939,0.08779454855936603,7.537785344547923,8.102243633596407,14.754641519130336,True
vector_thrust,cruise_80,0.7113328221295936,0.08779454855936597,7.53778534454792,8.102243633596407,14.781821574057455,True
vector_thrust,cruise_80,0.7113328221296201,0.08779454855936905,7.53778534454821,8.102243633596425,14.800630755667106,True
vector_thrust,cruise_80,0.7113328221295934,0.08779454855936597,7.537785344547917,8.102243633596405,14.807343674862024,True
vector_thrust,cruise_81,0.711479172880473,0.0878117882956099,7.539382145132959,8.102319593872148,14.807343674862024,True
vector_thrust,cruise_81,0.71147917288059,0.08781178829562336,7.539382145134231,8.102319593872238,14.814056594056943,True
vector_thrust,cruise_81,0.71147917288059,0.08781178829562333,7.539382145134228,8.102319593872242,14.832865775666594,True
vector_thrust,cruise_81,0.7114791728806814,0.08781178829563382,7.539382145135218,8.102319593872313,14.860045830593712,True
vector_thrust,cruise_81,0.71147917288059,0.08781178829562336,7.539382145134231,8.102319593872238,14.890213415618483,True
vector_thrust,cruise_81,0.7114791728806628,0.08781178829563166,7.539382145135015,8.1023195938723,14.9173934705456,True
vector_thrust,cruise_81,0.7114791728806162,0.08781178829562636,7.539382145134514,8.10231959387226,14.936202652155252,True
vector_thrust,cruise_81,0.71147917288059,0.08781178829562336,7.539382145134231,8.102319593872238,14.94291557135017,True
vector_thrust,cruise_82,0.7116362711008759,0.08783029840266521,7.541096236894904,8.10240069820008,14.94291557135017,True
vector_thrust,cruise_82,0.7116362711009299,0.08783029840267143,7.5410962368954895,8.102400698200121,14.949628490545088,True
vector_thrust,cruise_82,0.7116362711009295,0.08783029840267137,7.541096236895486,8.102400698200121,14.96843767215474,True
vector_thrust,cruise_82,0.7116362711009295,0.08783029840267137,7.541096236895486,8.102400698200121,14.995617727081857,True
vector_thrust,cruise_82,0.7116362711009299,0.08783029840267143,7.5410962368954895,8.102400698200121,15.025785312106628,True
vector_thrust,cruise_82,0.7116362711011467,0.08783029840269635,7.541096236897841,8.10240069820029,15.052965367033746,True
vector_thrust,cruise_82,0.7116362711010215,0.08783029840268194,7.541096236896483,8.102400698200192,15.071774548643397,True
vector_thrust,cruise_82,0.711636271101061,0.0878302984026865,7.541096236896911,8.102400698200222,15.078487467838315,True
vector_thrust,cruise_83,0.7118057448186215,0.08785027170071566,7.5429453895888345,8.102487687728152,15.078487467838315,True
vector_thrust,cruise_83,0.7118057448186215,0.08785027170071566,7.5429453895888345,8.102487687728152,15.085200387033234,True
vector_thrust,cruise_83,0.7118057448186546,0.08785027170071946,7.5429453895891925,8.102487687728177,15.104009568642885,True
vector_thrust,cruise_83,0.7118057448186226,0.0878502717007158,7.542945389588847,8.102487687728152,15.131189623570004,True
vector_thrust,cruise_83,0.711805744818622,0.08785027170071572,7.542945389588837,8.102487687728152,15.161357208594774,True
vector_thrust,cruise_83,0.7118057448187548,0.08785027170073098,7.54294538959028,8.102487687728257,15.18853726352189,True
vector_thrust,cruise_83,0.7118057448187567,0.0878502717007312,7.542945389590299,8.102487687728257,15.207346445131543,True
vector_thrust,cruise_83,0.7118057448186215,0.08785027170071566,7.5429453895888345,8.102487687728152,15.214059364326461,True
vector_thrust,cruise_84,0.7119896158351388,0.08787194771583251,7.544951671407787,8.102581476145595,15.214059364326461,True
vector_thrust,cruise_84,0.7119896158341273,0.08787194771571624,7.544951671396819,8.102581476144806,15.220772283521379,True
vector_thrust,cruise_84,0.7119896158341367,0.08787194771571727,7.544951671396918,8.102581476144818,15.239581465131032,True
vector_thrust,cruise_84,0.7119896158341295,0.08787194771571644,7.544951671396839,8.102581476144813,15.266761520058148,True
vector_thrust,cruise_84,0.7119896158341008,0.08787194771571316,7.5449516713965314,8.102581476144788,15.296929105082919,True
vector_thrust,cruise_84,0.7119896158340933,0.08787194771571227,7.544951671396447,8.102581476144785,15.324109160010037,True
vector_thrust,cruise_84,0.7119896158341367,0.08787194771571727,7.544951671396918,8.102581476144818,15.342918341619688,True
vector_thrust,cruise_84,0.711989615834134,0.08787194771571699,7.544951671396891,8.102581476144813,15.349631260814606,True
vector_thrust,cruise_85,0.7121904366409492,0.08789562893895239,7.547142943678843,8.10268320778043,15.349631260814606,True
vector_thrust,cruise_85,0.7121904366397341,0.08789562893881267,7.547142943665666,8.102683207779487,15.356344180009526,True
vector_thrust,cruise_85,0.7121904366397341,0.08789562893881267,7.547142943665666,8.102683207779487,15.375153361619176,True
vector_thrust,cruise_85,0.7121904366397345,0.0878956289388127,7.547142943665669,8.102683207779489,15.402333416546295,True
vector_thrust,cruise_85,0.7121904366397345,0.0878956289388127,7.547142943665669,8.102683207779489,15.432501001571065,True
vector_thrust,cruise_85,0.7121904366397337,0.08789562893881264,7.547142943665663,8.102683207779485,15.459681056498182,True
vector_thrust,cruise_85,0.7121904366396499,0.08789562893880296,7.547142943664752,8.102683207779423,15.478490238107835,True
vector_thrust,cruise_85,0.7121904366396917,0.08789562893880778,7.547142943665206,8.102683207779455,15.485203157302752,True
vector_thrust,cruise_86,0.7124114921562436,0.08792170479076791,7.549555063299344,8.102794342439198,15.485203157302752,True
vector_thrust,cruise_86,0.7124114921436885,0.08792170478932332,7.549555063163163,8.102794342429533,15.49191607649767,True
vector_thrust,cruise_86,0.7124114921437282,0.08792170478932787,7.549555063163593,8.102794342429565,15.510725258107323,True
vector_thrust,cruise_86,0.7124114921438115,0.08792170478933747,7.549555063164498,8.102794342429627,15.53790531303444,True
vector_thrust,cruise_86,0.7124114921436888,0.08792170478932335,7.549555063163167,8.102794342429533,15.56807289805921,True
vector_thrust,cruise_86,0.7124114921443887,0.08792170478940387,7.549555063170757,8.102794342430073,15.595252952986328,True
vector_thrust,cruise_86,0.7124114921438149,0.08792170478933786,7.549555063164535,8.10279434242963,15.61406213459598,True
vector_thrust,cruise_86,0.7124114921442087,0.08792170478938316,7.549555063168806,8.102794342429934,15.620775053790899,True
vector_thrust,cruise_87,0.7126571066863719,0.08795068809862924,7.552235233913286,8.102916783177266,15.620775053790899,True
vector_thrust,cruise_87,0.7126571066856917,0.08795068809855094,7.552235233905906,8.102916783176745,15.627487972985817,True
vector_thrust,cruise_87,0.712657106685691,0.08795068809855089,7.5522352339059005,8.102916783176743,15.646297154595468,True
vector_thrust,cruise_87,0.7126571066856919,0.087950688098551,7.55223523390591,8.102916783176743,15.673477209522586,True
vector_thrust,cruise_87,0.7126571066856939,0.0879506880985512,7.552235233905931,8.102916783176749,15.703644794547357,True
vector_thrust,cruise_87,0.7126571066856948,0.0879506880985513,7.55223523390594,8.102916783176747,15.730824849474473,True
vector_thrust,cruise_87,0.7126571066856967,0.08795068809855153,7.552235233905961,8.102916783176749,15.749634031084126,True
vector_thrust,cruise_87,0.7126571066856984,0.08795068809855175,7.552235233905982,8.102916783176747,15.756346950279044,True
vector_thrust,cruise_88,0.7165597881775294,0.08841269583792913,7.5948312181565,8.104715973043824,15.756346950279044,True
vector_thrust,cruise_88,0.7165597881746916,0.08841269583760042,7.594831218125704,8.10471597304186,15.763059869473961,True
vector_thrust,cruise_88,0.7165597881746941,0.08841269583760072,7.594831218125733,8.10471597304186,15.781869051083614,True
vector_thrust,cruise_88,0.7165597881746972,0.08841269583760106,7.594831218125765,8.104715973041865,15.80904910601073,True
vector_thrust,cruise_88,0.7165597881747043,0.08841269583760189,7.594831218125843,8.104715973041868,15.839216691035501,True
vector_thrust,cruise_88,0.7165597881747076,0.08841269583760228,7.5948312181258775,8.10471597304187,15.86639674596262,True
vector_thrust,cruise_88,0.7165597881747143,0.08841269583760306,7.594831218125953,8.104715973041875,15.88520592757227,True
vector_thrust,cruise_88,0.7165597881747158,0.0884126958376032,7.594831218125965,8.104715973041879,15.89191884676719,True
vector_thrust,cruise_89,0.7725233791605554,0.09534788352610452,8.20769923872252,8.102155502476911,15.89191884676719,True
vector_thrust,cruise_89,0.7725233791633644,0.09534788352645954,8.207699238753213,8.102155502476204,15.898631765962108,True
vector_thrust,cruise_89,0.7725233791637486,0.09534788352650808,8.207699238757408,8.102155502476108,15.917440947571759,True
vector_thrust,cruise_89,0.7725233791780607,0.09534788352831694,8.207699238913781,8.102155502472506,15.944621002498877,True
vector_thrust,cruise_89,0.7725233792043569,0.09534788353164039,8.207699239201089,8.10215550246589,15.974788587523648,True
vector_thrust,cruise_89,0.7725233792172196,0.09534788353326604,8.207699239341625,8.102155502462653,16.001968642450766,True
vector_thrust,cruise_89,0.7725233791883237,0.09534788352961399,8.207699239025908,8.102155502469927,16.020777824060417,True
vector_thrust,cruise_89,0.772523379182563,0.09534788352888596,8.207699238962972,8.102155502471373,16.027490743255335,True
vector_thrust,cruise_90,0.7125180513195889,0.08793427776394958,7.550717838975835,8.102847597523567,16.027490743255335,True
vector_thrust,cruise_90,0.7125180512714767,0.08793427775841273,7.550717838453971,8.102847597486631,16.034203662450253,True
vector_thrust,cruise_90,0.7125180512715128,0.08793427775841686,7.5507178384543625,8.102847597486662,16.053012844059904,True
vector_thrust,cruise_90,0.7125180512715685,0.0879342777584233,7.55071783845497,8.1028475974867,16.080192898987022,True
vector_thrust,cruise_90,0.7125180512716137,0.08793427775842849,7.550717838455456,8.102847597486736,16.110360484011792,True
vector_thrust,cruise_90,0.7125180512717233,0.08793427775844109,7.550717838456646,8.102847597486821,16.13754053893891,True
vector_thrust,cruise_90,0.7125180512717233,0.08793427775844109,7.550717838456646,8.102847597486821,16.156349720548562,True
vector_thrust,cruise_90,0.712518051271771,0.08793427775844659,7.550717838457166,8.102847597486859,16.16306263974348,True
vector_thrust,cruise_91,0.7467401062839056,0.09208021649572273,7.924855374642074,8.109669315542854,16.16306263974348,True
vector_thrust,cruise_91,0.746740106009886,0.09208021646242995,7.9248553716576815,8.109669315499131,16.169775558938397,True
vector_thrust,cruise_91,0.7467401060079514,0.09208021646219491,7.924855371636612,8.10966931549882,16.188584740548052,True
vector_thrust,cruise_91,0.7467401060119284,0.09208021646267811,7.924855371679926,8.109669315499454,16.215764795475167,True
vector_thrust,cruise_91,0.7467401060297874,0.09208021646484793,7.92485537187443,8.109669315502305,16.245932380499937,True
vector_thrust,cruise_91,0.7467401060297929,0.0920802164648486,7.92485537187449,8.109669315502305,16.273112435427056,True
vector_thrust,cruise_91,0.7467401060297956,0.09208021646484893,7.9248553718745205,8.109669315502305,16.291921617036706,True
vector_thrust,cruise_91,0.7467401060297973,0.09208021646484912,7.924855371874538,8.109669315502307,16.298634536231628,True
vector_thrust,cruise_92,0.7433717206521305,0.09166251381631982,7.887966260293405,8.109877088269194,16.298634536231628,True
vector_thrust,cruise_92,0.7433717206538938,0.09166251381653295,7.887966260312601,8.109877088269574,16.305347455426546,True
vector_thrust,cruise_92,0.7433717206538938,0.09166251381653295,7.887966260312601,8.109877088269574,16.324156637036197,True
vector_thrust,cruise_92,0.7433717206538938,0.09166251381653293,7.8879662603125995,8.109877088269576,16.351336691963315,True
vector_thrust,cruise_92,0.7433717206538939,0.09166251381653295,7.887966260312603,8.109877088269574,16.381504276988085,True
vector_thrust,cruise_92,0.7433717206538938,0.09166251381653295,7.887966260312601,8.109877088269574,16.408684331915204,True
vector_thrust,cruise_92,0.7433717206538927,0.09166251381653281,7.887966260312591,8.109877088269574,16.427493513524855,True
vector_thrust,cruise_92,0.7433717206538938,0.09166251381653295,7.887966260312601,8.109877088269574,16.434206432719773,True
vector_thrust,cruise_93,0.7732837102575912,0.09544612915887127,8.216052931925171,8.101781780699046,16.434206432719773,True
vector_thrust,cruise_93,0.7732837103039111,0.09544612916473205,8.216052932431301,8.101781780686862,16.44091935191469,True
vector_thrust,cruise_93,0.7732837103039111,0.09544612916473205,8.216052932431301,8.101781780686862,16.45972853352434,True
vector_thrust,cruise_93,0.7732837103039111,0.09544612916473205,8.216052932431301,8.101781780686862,16.48690858845146,True
vector_thrust,cruise_93,0.7732837103039111,0.09544612916473205,8.216052932431301,8.101781780686862,16.51707617347623,True
vector_thrust,cruise_93,0.7732837103039115,0.09544612916473208,8.216052932431305,8.101781780686863,16.54425622840335,True
vector_thrust,cruise_93,0.7732837103039116,0.09544612916473208,8.216052932431303,8.101781780686865,16.563065410013,True
vector_thrust,cruise_93,0.7732837103039119,0.09544612916473214,8.216052932431309,8.101781780686863,16.569778329207917,True
vector_thrust,cruise_94,0.9054787748561396,0.11411809184667854,9.67944236443262,7.934576894894812,16.569778329207917,True
vector_thrust,cruise_94,0.905478774872266,0.11411809184910382,9.679442364611603,7.934576894867497,16.58344609296873,True
vector_thrust,cruise_94,0.9054787748769024,0.1141180918498011,9.679442364663062,7.934576894859644,16.62174231601422,True
vector_thrust,cruise_94,0.9054787748871701,0.11411809185134525,9.67944236477702,7.9345768948422535,16.677081961697873,True
vector_thrust,cruise_94,0.9054787749066593,0.1141180918542763,9.679442364993323,7.934576894809241,16.738504334495826,True
vector_thrust,cruise_94,0.9054787749245224,0.1141180918569627,9.679442365191576,7.9345768947789885,16.793843980179478,True
vector_thrust,cruise_94,0.9054787749399442,0.11411809185928207,9.679442365362739,7.934576894752863,16.832140203224967,True
vector_thrust,cruise_94,0.9054787749492326,0.11411809186067895,9.67944236546583,7.9345768947371305,16.84580796698578,True
vector_thrust,decel_descend,1.35364372565163,0.21019387776070822,14.933781070909776,6.439976939731154,16.84580796698578,False
vector_thrust,decel_descend,1.0370597504637598,0.13559898427881503,11.153850518247422,7.647990550809621,16.96464532550288,False
vector_thrust,decel_descend,1.2107810559206502,0.17163488974292798,13.174503112715724,7.0543993574624535,17.2976202047553,False
vector_thrust,decel_descend,1.1951948280641607,0.16791203731869023,12.988378593782349,7.117981814464733,17.7787828462382,False
vector_thrust,decel_descend,1.388609277908023,0.2208837278796662,15.380444380119982,6.286607398551849,18.312833087733356,False
vector_thrust,decel_descend,1.4628445983290694,0.24556146868189907,16.350962153829535,5.957142242963378,18.79399572921626,False
vector_thrust,decel_descend,1.5105107109652904,0.2627927552806688,16.99186338735935,5.7479161073220215,19.12697060846868,False
vector_thrust,decel_descend,1.5170044616913683,0.2652238346298569,17.080344121787405,5.719713930719994,19.245807966985776,False
vector_thrust,arrival_terminal_procedure,1.198264105834098,0.16932057774600023,13.04177397179187,7.076895920067246,19.245807966985776,True
vector_thrust,arrival_terminal_procedure,1.198264105834097,0.16932057774600012,13.041773971791864,7.076895920067245,19.28542823122237,True
vector_thrust,arrival_terminal_procedure,1.1982641058341004,0.16932057774600084,13.0417739717919,7.076895920067234,19.396441744689437,True
vector_thrust,arrival_terminal_procedure,1.1982641058451946,0.1693205777486187,13.041773971924442,7.0768959200233414,19.55686091955344,True
vector_thrust,arrival_terminal_procedure,1.1982641058171872,0.16932057774200965,13.041773971589823,7.076895920134162,19.73491277082048,True
vector_thrust,arrival_terminal_procedure,1.1982641058667856,0.16932057775371387,13.041773972182416,7.0768959199379,19.895331945684475,True
vector_thrust,arrival_terminal_procedure,1.1982641058341004,0.1693205777460009,13.041773971791905,7.076895920067233,20.006345459151547,True
vector_thrust,arrival_terminal_procedure,1.1982641058340966,0.169320577746,13.041773971791859,7.076895920067247,20.04596572338814,True
vector_thrust,second_descent,1.039504712268592,0.13624862226733403,11.188925261075847,7.629469531287995,20.04596572338814,True
vector_thrust,second_descent,1.0391372314220606,0.1361817095395531,11.184760593942038,7.630519802809862,20.070723506412538,True
vector_thrust,second_descent,1.038108373210537,0.1359945701157785,11.173102440240454,7.63345457341971,20.14009327292346,True
vector_thrust,second_descent,1.0366237119553434,0.13572504228766888,11.156284457568084,7.637674628667436,20.24033548989906,True
vector_thrust,second_descent,1.03497874018802,0.13542712150544156,11.137657274360938,7.64232990174301,20.35159595687722,True
vector_thrust,second_descent,1.0334992611473846,0.135159806476117,11.1209101055006,7.646498527134292,20.451838173852824,True
vector_thrust,second_descent,1.0324768650404876,0.13497542643049226,11.109340255844975,7.649369165521237,20.521207940363745,True
vector_thrust,second_descent,1.032112260096892,0.13490974176404316,11.10521488794475,7.650390895433289,20.54596572338814,True
vector_thrust,hover_descent,0.0,0.0,90.0,,20.54596572338814,False
vector_thrust,hover_descent,0.0,0.0,90.0,,20.55774465324004,False
vector_thrust,hover_descent,0.0,0.0,90.0,,20.59074848127948,False
vector_thrust,hover_descent,0.0,0.0,90.0,,20.638440394597854,False
vector_thrust,hover_descent,0.0,0.0,90.0,,20.691374424859532,False
vector_thrust,hover_descent,0.0,0.0,90.0,,20.739066338177906,False
vector_thrust,hover_descent,0.0,0.0,90.0,,20.772070166217347,False
vector_thrust,hover_descent,0.0,0.0,90.0,,20.783849096069243,False
