eVTOL_type,mission_segment,CL,CD,AOA_deg,L_D,time_min,fesibility
lift_and_cruse,hover_climb,0.0,0.0,-90.0,,0.0,True
lift_and_cruse,hover_climb,0.0,0.0,-90.0,,0.005378609037023181,True
lift_and_cruse,hover_climb,0.0,0.0,-90.0,,0.02044913666399935,True
lift_and_cruse,hover_climb,0.0,0.0,-90.0,,0.042226680056513886,True
lift_and_cruse,hover_climb,0.0,0.0,-90.0,,0.06639792966163696,True
lift_and_cruse,hover_climb,0.0,0.0,-90.0,,0.08817547305415149,True
lift_and_cruse,hover_climb,0.0,0.0,-90.0,,0.10324600068112766,True
lift_and_cruse,hover_climb,0.0,0.0,-90.0,,0.10862460971815086,True
lift_and_cruse,dep_transition,-0.11109939436755943,0.05578768538165916,-1.000000000000002,-1.9914680741367454,0.10862460971815086,True
lift_and_cruse,dep_transition,-0.10010080003613861,0.05564876161961744,-0.9009688679024195,-1.798796543225336,0.1095009241299973,True
lift_and_cruse,dep_transition,-0.06927786647371426,0.05533403953700649,-0.6234898018587343,-1.251993656226424,0.11195630254897948,True
lift_and_cruse,dep_transition,-0.024726926546983826,0.055073101524963225,-0.22252093395631425,-0.44898373002972686,0.11550442716597786,True
lift_and_cruse,dep_transition,0.02472750755374314,0.05505133989804978,0.2225209339563132,0.4491717658377853,0.11944254838570316,True
lift_and_cruse,dep_transition,0.0692823411309607,0.05527308012296002,0.6234898018587332,1.2534554068062753,0.12299067300270154,True
lift_and_cruse,dep_transition,0.10011001808638005,0.055560700246217225,0.9009688679024177,1.801813469642077,0.12544605142168372,True
lift_and_cruse,dep_transition,0.1111106948702698,0.05568995821660958,1.0000000000000002,1.9951657072195634,0.12632236583353018,True
lift_and_cruse,second_climb,1.0707173814752342,0.12257968030861757,9.772497650029461,8.734868444586414,0.12632236583353018,True
lift_and_cruse,second_climb,1.0710756233753893,0.12262943757643105,9.775874437528813,8.73424558200246,0.15008983753694954,True
lift_and_cruse,second_climb,1.0720801486663827,0.12276904473680497,9.785343592636794,8.732495646314852,0.21668481338743403,True
lift_and_cruse,second_climb,1.0735336944160396,0.12297127946539838,9.799046746379371,8.7299546616339,0.31291734168401447,True
lift_and_cruse,second_climb,1.075149732103794,0.12319643195687774,9.8142835916061,8.727117458078064,0.41972738998304526,True
lift_and_cruse,second_climb,1.0766081901285767,0.12339990965178127,9.828036333439357,8.72454601601109,0.5159599182796257,True
lift_and_cruse,second_climb,1.0776188408938259,0.12354106676286797,9.837567323594497,8.722758100852984,0.5825548941301103,True
lift_and_cruse,second_climb,1.0779798089688446,0.12359151383530015,9.840971631062425,8.72211833577325,0.6063223658335296,True
lift_and_cruse,departure_terminal_procedures,0.8453668708070381,0.09495728181734728,7.653669634735237,8.90260182924278,0.6063223658335296,True
lift_and_cruse,departure_terminal_procedures,0.8453668708026195,0.09495728181689048,7.653669634694386,8.902601829239075,0.6447958650025083,True
lift_and_cruse,departure_terminal_procedures,0.8453668708026195,0.09495728181689045,7.653669634694384,8.902601829239078,0.7525962141525255,True
lift_and_cruse,departure_terminal_procedures,0.8453668708026184,0.09495728181689034,7.653669634694375,8.902601829239076,0.9083722320498999,True
lift_and_cruse,departure_terminal_procedures,0.8453668708026177,0.09495728181689025,7.653669634694369,8.902601829239078,1.0812705678825718,True
lift_and_cruse,departure_terminal_procedures,0.8453668708026171,0.09495728181689017,7.653669634694361,8.902601829239078,1.2370465857799464,True
lift_and_cruse,departure_terminal_procedures,0.8453668708026161,0.09495728181689006,7.653669634694351,8.902601829239078,1.3448469349299637,True
lift_and_cruse,departure_terminal_procedures,0.8453668708026161,0.09495728181689006,7.653669634694351,8.902601829239078,1.383320434098942,True
lift_and_cruse,accel_climb,1.21913484788268,0.14464148921594558,11.190941118805148,8.42866631483963,1.383320434098942,True
lift_and_cruse,accel_climb,1.1813230232146312,0.1386620933385987,10.82676306925447,8.519437394688401,1.502157792616039,True
lift_and_cruse,accel_climb,1.084145280851725,0.12446326320743953,9.89920460064919,8.710564490381467,1.8351326718684613,True
lift_and_cruse,accel_climb,0.9635855865893765,0.10861743005914506,8.759410810831369,8.871371621153978,2.3162953133513637,True
lift_and_cruse,accel_climb,0.8520819561426665,0.09573458957632372,7.715403706829738,8.900460741656495,2.8503455548465184,True
lift_and_cruse,accel_climb,0.7676513024165207,0.08715245541892286,6.931239975259848,8.808143140965887,3.33150819632942,True
lift_and_cruse,accel_climb,0.716530289301313,0.0824267086887178,6.458770183322271,8.692938256303183,3.664483075581843,True
lift_and_cruse,accel_climb,0.6995526002582162,0.0809332112924212,6.302208763070444,8.643578934865817,3.78332043409894,True
lift_and_cruse,cruise_0,0.7104932254480365,0.0818702912199636,6.402544328568079,8.678278956393731,3.78332043409894,True
lift_and_cruse,cruise_0,0.7104932254478397,0.08187029121994693,6.402544328566281,8.678278956393093,3.787446731269673,True
lift_and_cruse,cruise_0,0.710493225447874,0.08187029121994982,6.402544328566593,8.678278956393205,3.7990083590214927,True
lift_and_cruse,cruise_0,0.7104932254477886,0.0818702912199426,6.402544328565812,8.678278956392928,3.815715395184094,True
lift_and_cruse,cruise_0,0.710493225447753,0.08187029121993956,6.402544328565487,8.678278956392814,3.8342588063471195,True
lift_and_cruse,cruise_0,0.7104932254478142,0.08187029121994477,6.402544328566048,8.678278956393012,3.850965842509721,True
lift_and_cruse,cruise_0,0.7104932254478741,0.08187029121994985,6.402544328566595,8.678278956393203,3.862527470261541,True
lift_and_cruse,cruise_0,0.7104932254482486,0.08187029121998157,6.402544328570016,8.678278956394415,3.8666537674322736,True
lift_and_cruse,cruise_1,0.6606553579537817,0.07762580222464233,5.943982109904376,8.510770117929377,3.8666537674322736,True
lift_and_cruse,cruise_1,0.6606553579540463,0.07762580222466302,5.943982109906788,8.510770117930518,3.870780064603006,True
lift_and_cruse,cruise_1,0.6606553579540466,0.07762580222466306,5.943982109906792,8.510770117930518,3.882341692354826,True
lift_and_cruse,cruise_1,0.6606553579540514,0.07762580222466342,5.943982109906834,8.510770117930539,3.8990487285174273,True
lift_and_cruse,cruise_1,0.6606553579540505,0.07762580222466334,5.943982109906823,8.510770117930537,3.917592139680453,True
lift_and_cruse,cruise_1,0.6606553579540487,0.0776258022246632,5.94398210990681,8.510770117930528,3.934299175843054,True
lift_and_cruse,cruise_1,0.6606553579540481,0.07762580222466314,5.943982109906804,8.510770117930527,3.9458608035948743,True
lift_and_cruse,cruise_1,0.6606553579540476,0.07762580222466313,5.9439821099068,8.510770117930523,3.9499871007656067,True
lift_and_cruse,cruise_2,0.6887333262131464,0.07997810607539974,6.202156262491019,8.611523328194842,3.9499871007656067,True
lift_and_cruse,cruise_2,0.6887333262131468,0.07997810607539976,6.202156262491023,8.611523328194844,3.9541133979363394,True
lift_and_cruse,cruise_2,0.6887333262131424,0.07997810607539942,6.202156262490985,8.611523328194826,3.965675025688159,True
lift_and_cruse,cruise_2,0.6887333262131465,0.07997810607539974,6.202156262491021,8.611523328194844,3.9823820618507604,True
lift_and_cruse,cruise_2,0.6887333262131412,0.07997810607539932,6.202156262490973,8.61152332819482,4.000925473013786,True
lift_and_cruse,cruise_2,0.6887333262131369,0.07997810607539897,6.202156262490935,8.611523328194805,4.017632509176387,True
lift_and_cruse,cruise_2,0.6887333262131465,0.07997810607539974,6.202156262491021,8.611523328194844,4.029194136928208,True
lift_and_cruse,cruise_2,0.6887333262131076,0.07997810607539657,6.202156262490667,8.611523328194696,4.03332043409894,True
lift_and_cruse,cruise_3,0.6887525144007344,0.07997974785007927,6.202332846723276,8.611586469262065,4.03332043409894,True
lift_and_cruse,cruise_3,0.6887525144007298,0.07997974785007891,6.202332846723235,8.611586469262047,4.0374467312696725,True
lift_and_cruse,cruise_3,0.6887525144007346,0.0799797478500793,6.202332846723278,8.611586469262065,4.049008359021492,True
lift_and_cruse,cruise_3,0.6887525144007346,0.0799797478500793,6.202332846723278,8.611586469262065,4.065715395184094,True
lift_and_cruse,cruise_3,0.6887525144007346,0.0799797478500793,6.20233284672328,8.611586469262065,4.08425880634712,True
lift_and_cruse,cruise_3,0.6887525144007217,0.07997974785007825,6.202332846723161,8.611586469262017,4.100965842509721,True
lift_and_cruse,cruise_3,0.6887525144007064,0.07997974785007698,6.202332846723021,8.611586469261962,4.112527470261541,True
lift_and_cruse,cruise_3,0.6887525144007344,0.07997974785007927,6.202332846723276,8.611586469262065,4.116653767432274,True
lift_and_cruse,cruise_4,0.6887717749238186,0.07998139586122519,6.202510096852762,8.611649840656678,4.116653767432274,True
lift_and_cruse,cruise_4,0.6887717749238851,0.07998139586123063,6.20251009685337,8.611649840656924,4.120780064603006,True
lift_and_cruse,cruise_4,0.6887717749238849,0.07998139586123063,6.202510096853367,8.611649840656922,4.132341692354826,True
lift_and_cruse,cruise_4,0.6887717749238831,0.07998139586123049,6.202510096853351,8.611649840656915,4.149048728517427,True
lift_and_cruse,cruise_4,0.6887717749238849,0.07998139586123063,6.202510096853367,8.611649840656922,4.167592139680453,True
lift_and_cruse,cruise_4,0.6887717749238759,0.07998139586122988,6.202510096853285,8.61164984065689,4.184299175843054,True
lift_and_cruse,cruise_4,0.6887717749238851,0.07998139586123063,6.20251009685337,8.611649840656924,4.195860803594874,True
lift_and_cruse,cruise_4,0.6887717749238824,0.0799813958612304,6.2025100968533415,8.611649840656915,4.199987100765607,True
lift_and_cruse,cruise_5,0.6887911083157507,0.07998305015500973,6.202688017790185,8.6117134440466,4.199987100765607,True
lift_and_cruse,cruise_5,0.688791108315888,0.07998305015502095,6.202688017791437,8.611713444047107,4.204113397936339,True
lift_and_cruse,cruise_5,0.6887911083158851,0.07998305015502073,6.202688017791415,8.611713444047094,4.215675025688159,True
lift_and_cruse,cruise_5,0.6887911083158851,0.07998305015502073,6.202688017791415,8.611713444047094,4.23238206185076,True
lift_and_cruse,cruise_5,0.6887911083158851,0.07998305015502073,6.202688017791415,8.611713444047094,4.250925473013786,True
lift_and_cruse,cruise_5,0.6887911083158819,0.07998305015502047,6.202688017791383,8.611713444047082,4.267632509176387,True
lift_and_cruse,cruise_5,0.6887911083158854,0.07998305015502076,6.202688017791415,8.611713444047096,4.279194136928208,True
lift_and_cruse,cruise_5,0.6887911083158851,0.07998305015502073,6.202688017791415,8.611713444047094,4.283320434098941,True
lift_and_cruse,cruise_6,0.688810515115895,0.07998471077812638,6.202866614501608,8.611777281118401,4.283320434098941,True
lift_and_cruse,cruise_6,0.6888105151158949,0.07998471077812636,6.202866614501605,8.611777281118403,4.2874467312696725,True
lift_and_cruse,cruise_6,0.688810515115895,0.07998471077812638,6.202866614501608,8.611777281118401,4.299008359021494,True
lift_and_cruse,cruise_6,0.688810515115895,0.07998471077812638,6.202866614501607,8.611777281118401,4.315715395184094,True
lift_and_cruse,cruise_6,0.6888105151158948,0.07998471077812636,6.2028666145016045,8.611777281118401,4.334258806347121,True
lift_and_cruse,cruise_6,0.6888105151158704,0.07998471077812437,6.2028666145013815,8.611777281118313,4.350965842509721,True
lift_and_cruse,cruise_6,0.6888105151158852,0.07998471077812559,6.202866614501519,8.611777281118366,4.362527470261542,True
lift_and_cruse,cruise_6,0.6888105151158951,0.07998471077812637,6.202866614501606,8.611777281118405,4.366653767432274,True
lift_and_cruse,cruise_7,0.6888299958690318,0.07998637777774167,6.203045892003011,8.611841353575047,4.366653767432274,True
lift_and_cruse,cruise_7,0.6888299958690318,0.07998637777774167,6.203045892003011,8.611841353575047,4.370780064603006,True
lift_and_cruse,cruise_7,0.6888299958690318,0.07998637777774165,6.203045892003011,8.611841353575048,4.382341692354827,True
lift_and_cruse,cruise_7,0.6888299958690266,0.07998637777774126,6.203045892002966,8.611841353575025,4.399048728517427,True
lift_and_cruse,cruise_7,0.6888299958690303,0.07998637777774154,6.203045892002996,8.611841353575041,4.417592139680454,True
lift_and_cruse,cruise_7,0.6888299958690315,0.07998637777774163,6.203045892003009,8.611841353575047,4.434299175843054,True
lift_and_cruse,cruise_7,0.6888299958690318,0.07998637777774167,6.203045892003011,8.611841353575047,4.445860803594875,True
lift_and_cruse,cruise_7,0.6888299958690317,0.07998637777774165,6.20304589200301,8.611841353575047,4.4499871007656076,True
lift_and_cruse,cruise_8,0.6888495511264624,0.07998805120158575,6.203225855370388,8.611905663139922,4.4499871007656076,True
lift_and_cruse,cruise_8,0.6888495511264635,0.07998805120158584,6.203225855370398,8.611905663139927,4.454113397936339,True
lift_and_cruse,cruise_8,0.6888495511264614,0.07998805120158566,6.203225855370376,8.61190566313992,4.46567502568816,True
lift_and_cruse,cruise_8,0.6888495511264627,0.07998805120158578,6.2032258553703885,8.611905663139924,4.48238206185076,True
lift_and_cruse,cruise_8,0.6888495511264621,0.07998805120158572,6.203225855370386,8.611905663139922,4.500925473013787,True
lift_and_cruse,cruise_8,0.6888495511264624,0.07998805120158575,6.2032258553703885,8.611905663139922,4.517632509176387,True
lift_and_cruse,cruise_8,0.6888495511264624,0.07998805120158575,6.203225855370388,8.611905663139922,4.529194136928209,True
lift_and_cruse,cruise_8,0.6888495511264616,0.0799880512015857,6.2032258553703805,8.611905663139918,4.533320434098941,True
lift_and_cruse,cruise_9,0.6888691814454883,0.07998973109791055,6.203406509734985,8.61197021155485,4.533320434098941,True
lift_and_cruse,cruise_9,0.6888691814454886,0.07998973109791058,6.203406509734988,8.611970211554851,4.5374467312696725,True
lift_and_cruse,cruise_9,0.6888691814454831,0.07998973109791013,6.203406509734937,8.61197021155483,4.549008359021494,True
lift_and_cruse,cruise_9,0.6888691814454883,0.07998973109791055,6.203406509734985,8.61197021155485,4.565715395184094,True
lift_and_cruse,cruise_9,0.6888691814454883,0.07998973109791055,6.203406509734985,8.61197021155485,4.584258806347121,True
lift_and_cruse,cruise_9,0.688869181445482,0.07998973109791004,6.203406509734928,8.611970211554826,4.600965842509721,True
lift_and_cruse,cruise_9,0.6888691814454807,0.07998973109790992,6.203406509734918,8.611970211554823,4.612527470261542,True
lift_and_cruse,cruise_9,0.6888691814454886,0.07998973109791058,6.203406509734988,8.611970211554851,4.616653767432274,True
lift_and_cruse,cruise_10,0.6888888873896374,0.07999141751550852,6.203587860285399,8.612035000580875,4.616653767432274,True
lift_and_cruse,cruise_10,0.6888888873896399,0.07999141751550871,6.20358786028542,8.612035000580885,4.620780064603006,True
lift_and_cruse,cruise_10,0.688888887389635,0.07999141751550831,6.203587860285377,8.612035000580867,4.632341692354827,True
lift_and_cruse,cruise_10,0.6888888873896383,0.07999141751550859,6.203587860285406,8.612035000580878,4.649048728517427,True
lift_and_cruse,cruise_10,0.6888888873896377,0.07999141751550853,6.2035878602854,8.612035000580876,4.667592139680454,True
lift_and_cruse,cruise_10,0.6888888873896382,0.07999141751550859,6.203587860285407,8.612035000580876,4.684299175843054,True
lift_and_cruse,cruise_10,0.6888888873896377,0.07999141751550853,6.2035878602854,8.612035000580876,4.695860803594875,True
lift_and_cruse,cruise_10,0.6888888873896288,0.07999141751550781,6.203587860285318,8.612035000580844,4.6999871007656076,True
lift_and_cruse,cruise_11,0.6889086695296733,0.0799931105037959,6.2037699122767656,8.612100032001914,4.6999871007656076,True
lift_and_cruse,cruise_11,0.6889086695287612,0.07999311050372125,6.2037699122684415,8.612100031998548,4.704113397936339,True
lift_and_cruse,cruise_11,0.6889086695287611,0.07999311050372124,6.20376991226844,8.612100031998548,4.71567502568816,True
lift_and_cruse,cruise_11,0.6889086695287608,0.07999311050372121,6.203769912268438,8.612100031998548,4.73238206185076,True
lift_and_cruse,cruise_11,0.688908669528761,0.07999311050372121,6.203769912268439,8.61210003199855,4.750925473013787,True
lift_and_cruse,cruise_11,0.688908669528761,0.07999311050372121,6.203769912268439,8.61210003199855,4.767632509176387,True
lift_and_cruse,cruise_11,0.6889086695287611,0.07999311050372124,6.20376991226844,8.612100031998548,4.779194136928209,True
lift_and_cruse,cruise_11,0.688908669528761,0.07999311050372121,6.203769912268439,8.61210003199855,4.783320434098941,True
lift_and_cruse,cruise_12,0.6889285284400214,0.07999481011252049,6.203952670998176,8.612165307611535,4.783320434098941,True
lift_and_cruse,cruise_12,0.6889285284391226,0.07999481011244694,6.203952670989974,8.612165307608217,4.7874467312696725,True
lift_and_cruse,cruise_12,0.6889285284391224,0.07999481011244691,6.20395267098997,8.612165307608219,4.799008359021494,True
lift_and_cruse,cruise_12,0.6889285284391221,0.07999481011244691,6.203952670989971,8.612165307608215,4.815715395184094,True
lift_and_cruse,cruise_12,0.6889285284391224,0.07999481011244691,6.203952670989972,8.612165307608219,4.834258806347121,True
lift_and_cruse,cruise_12,0.688928528439122,0.07999481011244688,6.203952670989969,8.612165307608217,4.850965842509721,True
lift_and_cruse,cruise_12,0.688928528439122,0.07999481011244688,6.203952670989969,8.612165307608217,4.862527470261542,True
lift_and_cruse,cruise_12,0.6889285284391221,0.07999481011244691,6.203952670989971,8.612165307608215,4.866653767432274,True
lift_and_cruse,cruise_13,0.6889484647034959,0.0799965163921493,6.204136141815818,8.612230829230308,4.866653767432274,True
lift_and_cruse,cruise_13,0.6889484647034962,0.07999651639214933,6.204136141815819,8.61223082923031,4.870780064603006,True
lift_and_cruse,cruise_13,0.6889484647034957,0.07999651639214928,6.204136141815815,8.612230829230308,4.882341692354827,True
lift_and_cruse,cruise_13,0.6889484647034537,0.07999651639214586,6.204136141815435,8.612230829230151,4.899048728517427,True
lift_and_cruse,cruise_13,0.6889484647031877,0.07999651639212407,6.204136141813004,8.612230829229171,4.917592139680454,True
lift_and_cruse,cruise_13,0.6889484647034959,0.0799965163921493,6.204136141815818,8.612230829230308,4.934299175843054,True
lift_and_cruse,cruise_13,0.6889484647034958,0.07999651639214929,6.204136141815817,8.612230829230308,4.945860803594875,True
lift_and_cruse,cruise_13,0.6889484647034957,0.07999651639214928,6.204136141815815,8.612230829230308,4.9499871007656076,True
lift_and_cruse,cruise_14,0.6889684789112644,0.07999822939386592,6.204320330172646,8.612296598705633,4.9499871007656076,True
lift_and_cruse,cruise_14,0.6889684789112613,0.07999822939386567,6.204320330172618,8.61229659870562,4.954113397936339,True
lift_and_cruse,cruise_14,0.6889684789112649,0.07999822939386594,6.204320330172648,8.612296598705635,4.96567502568816,True
lift_and_cruse,cruise_14,0.6889684789112593,0.0799982293938655,6.204320330172598,8.612296598705614,4.98238206185076,True
lift_and_cruse,cruise_14,0.688968478911206,0.07999822939386111,6.204320330172111,8.61229659870542,5.000925473013787,True
lift_and_cruse,cruise_14,0.6889684789112648,0.07999822939386594,6.2043203301726475,8.612296598705635,5.017632509176387,True
lift_and_cruse,cruise_14,0.6889684789108929,0.07999822939383548,6.204320330169253,8.612296598704265,5.029194136928209,True
lift_and_cruse,cruise_14,0.6889684789108143,0.07999822939382906,6.204320330168537,8.612296598703974,5.033320434098941,True
lift_and_cruse,cruise_15,0.6889885716585231,0.07999994916921721,6.2045052415489375,8.612362617895709,5.033320434098941,True
lift_and_cruse,cruise_15,0.6889885716585231,0.07999994916921722,6.204505241548939,8.612362617895707,5.0374467312696725,True
lift_and_cruse,cruise_15,0.6889885716584727,0.0799999491692131,6.20450524154848,8.61236261789552,5.049008359021494,True
lift_and_cruse,cruise_15,0.6889885716584666,0.07999994916921259,6.204505241548423,8.6123626178955,5.065715395184094,True
lift_and_cruse,cruise_15,0.6889885716585231,0.07999994916921722,6.204505241548939,8.612362617895707,5.084258806347121,True
lift_and_cruse,cruise_15,0.6889885716584849,0.07999994916921409,6.204505241548589,8.612362617895567,5.100965842509721,True
lift_and_cruse,cruise_15,0.6889885716585231,0.07999994916921721,6.2045052415489375,8.612362617895709,5.112527470261542,True
lift_and_cruse,cruise_15,0.6889885716584081,0.07999994916920777,6.204505241547885,8.612362617895286,5.116653767432274,True
lift_and_cruse,cruise_16,0.6890087435481737,0.08000167577041471,6.204690881495859,8.61242888868304,5.116653767432274,True
lift_and_cruse,cruise_16,0.6890087435481737,0.0800016757704147,6.204690881495856,8.612428888683041,5.120780064603006,True
lift_and_cruse,cruise_16,0.6890087435480633,0.08000167577040566,6.20469088149485,8.612428888682635,5.132341692354827,True
lift_and_cruse,cruise_16,0.6890087435478293,0.08000167577038651,6.204690881492714,8.612428888681771,5.149048728517427,True
lift_and_cruse,cruise_16,0.6890087435481738,0.08000167577041471,6.204690881495858,8.612428888683041,5.167592139680454,True
lift_and_cruse,cruise_16,0.6890087435481443,0.08000167577041231,6.204690881495589,8.612428888682931,5.184299175843054,True
lift_and_cruse,cruise_16,0.6890087435481739,0.08000167577041474,6.20469088149586,8.61242888868304,5.195860803594875,True
lift_and_cruse,cruise_16,0.6890087435480902,0.0800016757704079,6.2046908814950985,8.61242888868273,5.1999871007656076,True
lift_and_cruse,cruise_17,0.6890289951900349,0.08000340925027065,6.204877255628264,8.612495412971466,5.1999871007656076,True
lift_and_cruse,cruise_17,0.6890289951900024,0.080003409250268,6.204877255627967,8.612495412971345,5.204113397936339,True
lift_and_cruse,cruise_17,0.6890289951900349,0.08000340925027066,6.204877255628265,8.612495412971464,5.21567502568816,True
lift_and_cruse,cruise_17,0.6890289951898934,0.08000340925025906,6.2048772556269745,8.612495412970944,5.23238206185076,True
lift_and_cruse,cruise_17,0.6890289951900347,0.08000340925027064,6.204877255628262,8.612495412971464,5.250925473013787,True
lift_and_cruse,cruise_17,0.6890289951899373,0.08000340925026267,6.204877255627375,8.612495412971105,5.267632509176387,True
lift_and_cruse,cruise_17,0.689028995189911,0.0800034092502605,6.2048772556271325,8.61249541297101,5.279194136928209,True
lift_and_cruse,cruise_17,0.689028995189937,0.08000340925026263,6.20487725562737,8.612495412971105,5.283320434098941,True
lift_and_cruse,cruise_18,0.6890493272008514,0.08000514966219927,6.205064369624797,8.612562192686111,5.283320434098941,True
lift_and_cruse,cruise_18,0.6890493272009449,0.08000514966220695,6.20506436962565,8.612562192686452,5.2874467312696725,True
lift_and_cruse,cruise_18,0.6890493272009429,0.08000514966220676,6.205064369625632,8.612562192686449,5.299008359021494,True
lift_and_cruse,cruise_18,0.689049327200945,0.08000514966220697,6.205064369625653,8.612562192686452,5.315715395184094,True
lift_and_cruse,cruise_18,0.6890493272009451,0.08000514966220695,6.205064369625652,8.612562192686456,5.334258806347121,True
lift_and_cruse,cruise_18,0.6890493272009451,0.08000514966220695,6.205064369625652,8.612562192686456,5.350965842509721,True
lift_and_cruse,cruise_18,0.6890493272008589,0.08000514966219988,6.205064369624865,8.61256219268614,5.362527470261542,True
lift_and_cruse,cruise_18,0.689049327200945,0.08000514966220697,6.205064369625653,8.612562192686452,5.366653767432274,True
lift_and_cruse,cruise_19,0.6890697401919775,0.08000689705920894,6.205252229115499,8.612629229727943,5.366653767432274,True
lift_and_cruse,cruise_19,0.6890697402015881,0.08000689705999581,6.205252229203199,8.612629229763359,5.370780064603006,True
lift_and_cruse,cruise_19,0.6890697402048714,0.08000689706026462,6.205252229233161,8.612629229775461,5.382341692354827,True
lift_and_cruse,cruise_19,0.6890697402048717,0.08000689706026462,6.205252229233163,8.612629229775463,5.399048728517427,True
lift_and_cruse,cruise_19,0.6890697402037794,0.0800068970601752,6.205252229223197,8.612629229771438,5.417592139680454,True
lift_and_cruse,cruise_19,0.689069740201553,0.08000689705999293,6.20525222920288,8.61262922976323,5.434299175843054,True
lift_and_cruse,cruise_19,0.6890697401868163,0.08000689705878636,6.2052522290684,8.612629229708924,5.445860803594875,True
lift_and_cruse,cruise_19,0.6890697402010385,0.08000689705995079,6.205252229198185,8.612629229761337,5.4499871007656076,True
lift_and_cruse,cruise_20,0.6890902348335682,0.08000865149915827,6.205440840267599,8.612696526210266,5.4499871007656076,True
lift_and_cruse,cruise_20,0.6890902348330374,0.0800086514991148,6.205440840262754,8.61269652620831,5.454113397936339,True
lift_and_cruse,cruise_20,0.6890902348330455,0.08000865149911547,6.205440840262827,8.61269652620834,5.46567502568816,True
lift_and_cruse,cruise_20,0.689090234833038,0.08000865149911487,6.205440840262763,8.61269652620831,5.48238206185076,True
lift_and_cruse,cruise_20,0.6890902348330206,0.08000865149911346,6.205440840262601,8.612696526208245,5.500925473013787,True
lift_and_cruse,cruise_20,0.6890902348330785,0.08000865149911818,6.20544084026313,8.612696526208461,5.517632509176387,True
lift_and_cruse,cruise_20,0.6890902348330191,0.08000865149911333,6.20544084026259,8.61269652620824,5.529194136928209,True
lift_and_cruse,cruise_20,0.6890902348331285,0.08000865149912226,6.205440840263585,8.612696526208646,5.533320434098941,True
lift_and_cruse,cruise_21,0.6891108117239422,0.08001041303406103,6.205630208593402,8.6127640839772,5.533320434098941,True
lift_and_cruse,cruise_21,0.6891108117239433,0.08001041303406112,6.205630208593412,8.612764083977206,5.5374467312696725,True
lift_and_cruse,cruise_21,0.6891108117239437,0.08001041303406115,6.205630208593416,8.612764083977208,5.549008359021494,True
lift_and_cruse,cruise_21,0.6891108117239432,0.08001041303406112,6.205630208593413,8.612764083977204,5.565715395184094,True
lift_and_cruse,cruise_21,0.6891108117239442,0.0800104130340612,6.205630208593422,8.612764083977208,5.584258806347121,True
lift_and_cruse,cruise_21,0.6891108117239452,0.08001041303406128,6.205630208593429,8.612764083977211,5.600965842509721,True
lift_and_cruse,cruise_21,0.6891108117239458,0.08001041303406131,6.205630208593434,8.612764083977217,5.612527470261542,True
lift_and_cruse,cruise_21,0.6891108117239467,0.0800104130340614,6.205630208593442,8.612764083977218,5.616653767432274,True
lift_and_cruse,cruise_22,0.6891314715236571,0.08001218172106397,6.205820340173787,8.612831905097728,5.616653767432274,True
lift_and_cruse,cruise_22,0.6891314715236512,0.08001218172106349,6.205820340173732,8.612831905097707,5.620780064603006,True
lift_and_cruse,cruise_22,0.6891314715236493,0.08001218172106331,6.2058203401737115,8.612831905097703,5.632341692354827,True
lift_and_cruse,cruise_22,0.6891314715236471,0.08001218172106314,6.205820340173692,8.612831905097693,5.649048728517427,True
lift_and_cruse,cruise_22,0.6891314715236436,0.08001218172106286,6.205820340173663,8.61283190509768,5.667592139680454,True
lift_and_cruse,cruise_22,0.6891314715236406,0.08001218172106261,6.2058203401736325,8.61283190509767,5.684299175843054,True
lift_and_cruse,cruise_22,0.6891314715236379,0.08001218172106238,6.205820340173609,8.61283190509766,5.695860803594875,True
lift_and_cruse,cruise_22,0.689131471523637,0.08001218172106232,6.205820340173603,8.612831905097655,5.6999871007656076,True
lift_and_cruse,cruise_23,0.6891522148857668,0.08001395761673721,6.206011241021789,8.6128999916086,5.6999871007656076,True
lift_and_cruse,cruise_23,0.689152214885745,0.08001395761673541,6.206011241021586,8.61289999160852,5.704113397936339,True
lift_and_cruse,cruise_23,0.6891522148857413,0.08001395761673512,6.206011241021555,8.612899991608506,5.71567502568816,True
lift_and_cruse,cruise_23,0.6891522148857344,0.08001395761673455,6.206011241021491,8.612899991608481,5.73238206185076,True
lift_and_cruse,cruise_23,0.6891522148857248,0.08001395761673377,6.206011241021404,8.612899991608444,5.750925473013787,True
lift_and_cruse,cruise_23,0.6891522148857153,0.080013957616733,6.206011241021319,8.61289999160841,5.767632509176387,True
lift_and_cruse,cruise_23,0.6891522148857085,0.08001395761673244,6.2060112410212565,8.612899991608385,5.779194136928209,True
lift_and_cruse,cruise_23,0.6891522148857065,0.08001395761673229,6.20601124102124,8.612899991608376,5.783320434098941,True
lift_and_cruse,cruise_24,0.6891730424715679,0.08001574077836424,6.206202917226297,8.612968345572275,5.783320434098941,True
lift_and_cruse,cruise_24,0.689173042471569,0.08001574077836433,6.206202917226307,8.612968345572279,5.7874467312696725,True
lift_and_cruse,cruise_24,0.6891730424715686,0.08001574077836432,6.206202917226308,8.612968345572275,5.799008359021494,True
lift_and_cruse,cruise_24,0.6891730424715686,0.0800157407783643,6.206202917226304,8.612968345572277,5.815715395184094,True
lift_and_cruse,cruise_24,0.6891730424715684,0.08001574077836429,6.206202917226304,8.612968345572277,5.834258806347121,True
lift_and_cruse,cruise_24,0.6891730424715691,0.08001574077836435,6.2062029172263085,8.612968345572279,5.850965842509721,True
lift_and_cruse,cruise_24,0.689173042471569,0.08001574077836433,6.206202917226307,8.612968345572279,5.862527470261542,True
lift_and_cruse,cruise_24,0.6891730424715695,0.08001574077836439,6.206202917226314,8.612968345572279,5.866653767432274,True
lift_and_cruse,cruise_25,0.689193954950178,0.08001753126390793,6.206395374948235,8.613036969075305,5.866653767432274,True
lift_and_cruse,cruise_25,0.6891939549502726,0.0800175312639157,6.206395374949098,8.613036969075651,5.870780064603006,True
lift_and_cruse,cruise_25,0.6891939549502841,0.08001753126391664,6.206395374949203,8.613036969075694,5.882341692354827,True
lift_and_cruse,cruise_25,0.6891939549503023,0.08001753126391811,6.206395374949366,8.613036969075763,5.899048728517427,True
lift_and_cruse,cruise_25,0.6891939549503286,0.08001753126392028,6.206395374949609,8.613036969075859,5.917592139680454,True
lift_and_cruse,cruise_25,0.689193954950356,0.0800175312639225,6.206395374949857,8.61303696907596,5.934299175843054,True
lift_and_cruse,cruise_25,0.689193954950374,0.08001753126392398,6.206395374950024,8.613036969076028,5.945860803594875,True
lift_and_cruse,cruise_25,0.6891939549503815,0.08001753126392461,6.206395374950093,8.613036969076052,5.9499871007656076,True
lift_and_cruse,cruise_26,0.6892149529986594,0.08001932913202126,6.2065886204216705,8.613105864228709,5.9499871007656076,True
lift_and_cruse,cruise_26,0.689214952998644,0.08001932913201999,6.206588620421531,8.613105864228652,5.954113397936339,True
lift_and_cruse,cruise_26,0.6892149529986349,0.08001932913201924,6.206588620421446,8.613105864228618,5.96567502568816,True
lift_and_cruse,cruise_26,0.6892149529986368,0.08001932913201942,6.206588620421465,8.613105864228624,5.98238206185076,True
lift_and_cruse,cruise_26,0.6892149529986515,0.08001932913202062,6.2065886204215985,8.613105864228679,6.000925473013787,True
lift_and_cruse,cruise_26,0.6892149529986505,0.08001932913202055,6.2065886204215905,8.613105864228674,6.017632509176387,True
lift_and_cruse,cruise_26,0.6892149529986501,0.0800193291320205,6.206588620421585,8.613105864228674,6.029194136928209,True
lift_and_cruse,cruise_26,0.68921495299865,0.0800193291320205,6.206588620421586,8.613105864228672,6.033320434098941,True
lift_and_cruse,cruise_27,0.6892360373021413,0.0800211344420581,6.206782659954966,8.613175033168332,6.033320434098941,True
lift_and_cruse,cruise_27,0.6892360373021326,0.08002113444205738,6.206782659954884,8.6131750331683,6.0374467312696725,True
lift_and_cruse,cruise_27,0.6892360373021358,0.08002113444205763,6.2067826599549125,8.613175033168313,6.049008359021494,True
lift_and_cruse,cruise_27,0.6892360373021389,0.08002113444205788,6.206782659954944,8.613175033168325,6.065715395184094,True
lift_and_cruse,cruise_27,0.6892360373021439,0.0800211344420583,6.20678265995499,8.613175033168343,6.084258806347121,True
lift_and_cruse,cruise_27,0.6892360373021487,0.08002113444205869,6.206782659955031,8.61317503316836,6.100965842509721,True
lift_and_cruse,cruise_27,0.6892360373021507,0.08002113444205886,6.20678265995505,8.613175033168368,6.112527470261542,True
lift_and_cruse,cruise_27,0.6892360373021511,0.0800211344420589,6.206782659955054,8.613175033168368,6.116653767432274,True
lift_and_cruse,cruise_28,0.6892572085539546,0.08002294725408474,6.206977499932,8.613244478055284,6.116653767432274,True
lift_and_cruse,cruise_28,0.6892572085539446,0.08002294725408395,6.206977499931912,8.613244478055243,6.120780064603006,True
lift_and_cruse,cruise_28,0.6892572085539471,0.08002294725408415,6.206977499931935,8.613244478055254,6.132341692354827,True
lift_and_cruse,cruise_28,0.6892572085539513,0.0800229472540845,6.206977499931974,8.613244478055268,6.149048728517427,True
lift_and_cruse,cruise_28,0.6892572085539561,0.0800229472540849,6.206977499932018,8.613244478055284,6.167592139680454,True
lift_and_cruse,cruise_28,0.689257208553961,0.08002294725408528,6.206977499932061,8.613244478055305,6.184299175843054,True
lift_and_cruse,cruise_28,0.6892572085539633,0.08002294725408549,6.206977499932084,8.613244478055313,6.195860803594875,True
lift_and_cruse,cruise_28,0.6892572085539651,0.08002294725408562,6.206977499932099,8.61324447805532,6.1999871007656076,True
lift_and_cruse,cruise_29,0.6892784674557535,0.08002476762889073,6.207173146813318,8.613314201076275,6.1999871007656076,True
lift_and_cruse,cruise_29,0.689278467455772,0.08002476762889223,6.207173146813485,8.613314201076346,6.204113397936339,True
lift_and_cruse,cruise_29,0.689278467455828,0.08002476762889682,6.207173146813999,8.61331420107655,6.21567502568816,True
lift_and_cruse,cruise_29,0.68927846745583,0.08002476762889699,6.207173146814016,8.613314201076557,6.23238206185076,True
lift_and_cruse,cruise_29,0.6892784674557909,0.0800247676288938,6.207173146813661,8.613314201076413,6.250925473013787,True
lift_and_cruse,cruise_29,0.6892784674557983,0.08002476762889439,6.207173146813727,8.613314201076442,6.267632509176387,True
lift_and_cruse,cruise_29,0.6892784674558007,0.0800247676288946,6.20717314681375,8.613314201076449,6.279194136928209,True
lift_and_cruse,cruise_29,0.6892784674558017,0.08002476762889466,6.207173146813757,8.613314201076454,6.283320434098941,True
lift_and_cruse,cruise_30,0.6892998147176568,0.08002659562800096,6.207369607137391,8.613384204444076,6.283320434098941,True
lift_and_cruse,cruise_30,0.689299814717645,0.080026595628,6.207369607137284,8.613384204444031,6.2874467312696725,True
lift_and_cruse,cruise_30,0.6892998147176492,0.08002659562800032,6.207369607137323,8.61338420444405,6.299008359021494,True
lift_and_cruse,cruise_30,0.6892998147176542,0.08002659562800075,6.207369607137369,8.613384204444065,6.315715395184094,True
lift_and_cruse,cruise_30,0.6892998147176589,0.08002659562800116,6.207369607137412,8.613384204444081,6.334258806347121,True
lift_and_cruse,cruise_30,0.6892998147176641,0.08002659562800157,6.20736960713746,8.6133842044441,6.350965842509721,True
lift_and_cruse,cruise_30,0.6892998147176671,0.08002659562800181,6.207369607137485,8.613384204444113,6.362527470261542,True
lift_and_cruse,cruise_30,0.6892998147176684,0.08002659562800192,6.2073696071374975,8.613384204444118,6.366653767432274,True
lift_and_cruse,cruise_31,0.6893212510583803,0.08002843131368727,6.207566887521868,8.61345449039791,6.366653767432274,True
lift_and_cruse,cruise_31,0.6893212510583684,0.08002843131368631,6.207566887521763,8.613454490397864,6.370780064603006,True
lift_and_cruse,cruise_31,0.6893212510583715,0.08002843131368656,6.207566887521791,8.613454490397876,6.382341692354827,True
lift_and_cruse,cruise_31,0.6893212510583768,0.080028431313687,6.20756688752184,8.613454490397896,6.399048728517427,True
lift_and_cruse,cruise_31,0.6893212510583829,0.0800284313136875,6.207566887521894,8.613454490397917,6.417592139680454,True
lift_and_cruse,cruise_31,0.689321251058387,0.08002843131368785,6.207566887521933,8.613454490397931,6.434299175843054,True
lift_and_cruse,cruise_31,0.6893212510583916,0.08002843131368821,6.207566887521973,8.613454490397949,6.445860803594875,True
lift_and_cruse,cruise_31,0.6893212510583925,0.08002843131368828,6.207566887521983,8.613454490397952,6.4499871007656076,True
lift_and_cruse,cruise_32,0.6893427772053752,0.08003027474898065,6.207764994664846,8.613525061203859,6.4499871007656076,True
lift_and_cruse,cruise_32,0.6893427772053631,0.08003027474897964,6.207764994664733,8.613525061203816,6.454113397936339,True
lift_and_cruse,cruise_32,0.689342777205367,0.08003027474897995,6.2077649946647675,8.613525061203832,6.46567502568816,True
lift_and_cruse,cruise_32,0.6893427772053712,0.08003027474898029,6.207764994664807,8.613525061203847,6.48238206185076,True
lift_and_cruse,cruise_32,0.6893427772053785,0.08003027474898092,6.207764994664874,8.613525061203871,6.500925473013787,True
lift_and_cruse,cruise_32,0.6893427772053835,0.0800302747489813,6.2077649946649185,8.613525061203893,6.517632509176387,True
lift_and_cruse,cruise_32,0.6893427772053881,0.08003027474898168,6.20776499466496,8.613525061203909,6.529194136928209,True
lift_and_cruse,cruise_32,0.6893427772053891,0.08003027474898178,6.20776499466497,8.61352506120391,6.533320434098941,True
lift_and_cruse,cruise_33,0.6893643938949743,0.0800321259976836,6.207963935346191,8.613595919155351,6.533320434098941,True
lift_and_cruse,cruise_33,0.6893643938949622,0.08003212599768261,6.207963935346079,8.613595919155305,6.5374467312696725,True
lift_and_cruse,cruise_33,0.6893643938949652,0.08003212599768285,6.207963935346108,8.613595919155317,6.549008359021493,True
lift_and_cruse,cruise_33,0.6893643938949705,0.08003212599768328,6.2079639353461555,8.613595919155339,6.565715395184093,True
lift_and_cruse,cruise_33,0.6893643938949773,0.08003212599768383,6.207963935346218,8.613595919155363,6.584258806347121,True
lift_and_cruse,cruise_33,0.689364393894983,0.0800321259976843,6.2079639353462674,8.613595919155385,6.600965842509721,True
lift_and_cruse,cruise_33,0.6893643938949875,0.08003212599768467,6.207963935346309,8.6135959191554,6.612527470261542,True
lift_and_cruse,cruise_33,0.6893643938949889,0.08003212599768478,6.2079639353463225,8.613595919155406,6.616653767432274,True
lift_and_cruse,cruise_34,0.6893861018725299,0.08003398512438256,6.208163716428843,8.61366706657353,6.616653767432274,True
lift_and_cruse,cruise_34,0.689386101872519,0.08003398512438167,6.208163716428744,8.61366706657349,6.620780064603006,True
lift_and_cruse,cruise_34,0.6893861018725225,0.08003398512438195,6.208163716428775,8.613667066573504,6.632341692354827,True
lift_and_cruse,cruise_34,0.6893861018725284,0.08003398512438242,6.208163716428828,8.613667066573527,6.649048728517427,True
lift_and_cruse,cruise_34,0.6893861018725344,0.08003398512438292,6.208163716428884,8.613667066573546,6.667592139680454,True
lift_and_cruse,cruise_34,0.6893861018725422,0.08003398512438356,6.208163716428954,8.613667066573576,6.684299175843054,True
lift_and_cruse,cruise_34,0.6893861018725458,0.08003398512438387,6.208163716428988,8.613667066573589,6.695860803594875,True
lift_and_cruse,cruise_34,0.689386101872548,0.08003398512438403,6.208163716429008,8.613667066573598,6.6999871007656076,True
lift_and_cruse,cruise_35,0.6894079018925662,0.08003585219446088,6.208364344860194,8.61373850580776,6.6999871007656076,True
lift_and_cruse,cruise_35,0.6894079018925556,0.08003585219446005,6.208364344860103,8.613738505807717,6.704113397936339,True
lift_and_cruse,cruise_35,0.6894079018925592,0.08003585219446034,6.208364344860133,8.61373850580773,6.71567502568816,True
lift_and_cruse,cruise_35,0.6894079018925644,0.08003585219446074,6.208364344860181,8.613738505807753,6.73238206185076,True
lift_and_cruse,cruise_35,0.6894079018925705,0.08003585219446127,6.208364344860236,8.613738505807772,6.750925473013787,True
lift_and_cruse,cruise_35,0.6894079018925753,0.08003585219446167,6.208364344860283,8.613738505807788,6.767632509176387,True
lift_and_cruse,cruise_35,0.6894079018925804,0.08003585219446208,6.2083643448603265,8.61373850580781,6.779194136928209,True
lift_and_cruse,cruise_35,0.6894079018925809,0.08003585219446213,6.208364344860332,8.61373850580781,6.783320434098941,True
lift_and_cruse,cruise_36,0.689429794718927,0.08003772727411197,6.208565827673483,8.613810239236035,6.783320434098941,True
lift_and_cruse,cruise_36,0.6894297947189176,0.08003772727411121,6.208565827673397,8.613810239236,6.7874467312696725,True
lift_and_cruse,cruise_36,0.6894297947189214,0.08003772727411151,6.208565827673431,8.613810239236015,6.799008359021493,True
lift_and_cruse,cruise_36,0.6894297947189261,0.0800377272741119,6.208565827673473,8.613810239236031,6.815715395184093,True
lift_and_cruse,cruise_36,0.6894297947189323,0.0800377272741124,6.20856582767353,8.613810239236056,6.834258806347121,True
lift_and_cruse,cruise_36,0.6894297947189387,0.08003772727411292,6.208565827673587,8.61381023923608,6.850965842509721,True
lift_and_cruse,cruise_36,0.689429794718943,0.08003772727411326,6.208565827673625,8.613810239236095,6.862527470261542,True
lift_and_cruse,cruise_36,0.6894297947189444,0.08003772727411337,6.208565827673639,8.613810239236102,6.866653767432274,True
lift_and_cruse,cruise_37,0.6894517811249332,0.08003961043035254,6.2087681719891785,8.613882269265519,6.866653767432274,True
lift_and_cruse,cruise_37,0.6894517811249248,0.08003961043035185,6.208768171989102,8.613882269265488,6.870780064603006,True
lift_and_cruse,cruise_37,0.6894517811249277,0.08003961043035207,6.208768171989128,8.613882269265499,6.882341692354827,True
lift_and_cruse,cruise_37,0.6894517811249329,0.08003961043035253,6.208768171989177,8.613882269265515,6.899048728517427,True
lift_and_cruse,cruise_37,0.689451781124939,0.08003961043035301,6.208768171989233,8.61388226926554,6.917592139680454,True
lift_and_cruse,cruise_37,0.6894517811249458,0.08003961043035356,6.208768171989292,8.613882269265567,6.934299175843054,True
lift_and_cruse,cruise_37,0.6894517811249484,0.08003961043035378,6.208768171989317,8.613882269265575,6.945860803594875,True
lift_and_cruse,cruise_37,0.6894517811249512,0.08003961043035401,6.208768171989344,8.613882269265584,6.9499871007656076,True
lift_and_cruse,cruise_38,0.6894738618935331,0.08004150173103619,6.208971385016442,8.613954598332938,6.9499871007656076,True
lift_and_cruse,cruise_38,0.6894738618935246,0.0800415017310355,6.208971385016364,8.613954598332906,6.954113397936339,True
lift_and_cruse,cruise_38,0.6894738618935283,0.08004150173103579,6.208971385016397,8.613954598332922,6.96567502568816,True
lift_and_cruse,cruise_38,0.6894738618935334,0.08004150173103622,6.2089713850164445,8.61395459833294,6.98238206185076,True
lift_and_cruse,cruise_38,0.689473861893539,0.08004150173103666,6.208971385016495,8.613954598332962,7.000925473013787,True
lift_and_cruse,cruise_38,0.6894738618935454,0.08004150173103722,6.2089713850165555,8.613954598332983,7.017632509176387,True
lift_and_cruse,cruise_38,0.6894738618935488,0.0800415017310375,6.208971385016586,8.613954598332993,7.029194136928209,True
lift_and_cruse,cruise_38,0.6894738618935514,0.08004150173103769,6.208971385016609,8.613954598333006,7.033320434098941,True
lift_and_cruse,cruise_39,0.6894960378174689,0.08004340124486775,6.20917547405461,8.614027228905123,7.033320434098941,True
lift_and_cruse,cruise_39,0.6894960378174656,0.08004340124486747,6.209175474054578,8.61402722890511,7.0374467312696725,True
lift_and_cruse,cruise_39,0.6894960378174677,0.08004340124486767,6.209175474054599,8.614027228905115,7.049008359021493,True
lift_and_cruse,cruise_39,0.6894960378174716,0.08004340124486797,6.209175474054636,8.614027228905131,7.065715395184093,True
lift_and_cruse,cruise_39,0.6894960378174776,0.08004340124486845,6.209175474054685,8.614027228905154,7.084258806347121,True
lift_and_cruse,cruise_39,0.6894960378174829,0.0800434012448689,6.209175474054737,8.614027228905172,7.100965842509721,True
lift_and_cruse,cruise_39,0.6894960378174861,0.08004340124486917,6.209175474054767,8.614027228905185,7.112527470261542,True
lift_and_cruse,cruise_39,0.689496037817487,0.08004340124486922,6.209175474054776,8.61402722890519,7.116653767432274,True
lift_and_cruse,cruise_40,0.6895183096994377,0.08004530904141707,6.209380446494691,8.614100163479497,7.116653767432274,True
lift_and_cruse,cruise_40,0.6895183096994342,0.0800453090414168,6.209380446494659,8.614100163479483,7.120780064603006,True
lift_and_cruse,cruise_40,0.6895183096994372,0.08004530904141705,6.209380446494689,8.614100163479494,7.132341692354827,True
lift_and_cruse,cruise_40,0.6895183096994412,0.08004530904141735,6.209380446494723,8.614100163479511,7.149048728517427,True
lift_and_cruse,cruise_40,0.6895183096994464,0.0800453090414178,6.209380446494771,8.61410016347953,7.167592139680454,True
lift_and_cruse,cruise_40,0.6895183096994525,0.0800453090414183,6.209380446494826,8.61410016347955,7.184299175843054,True
lift_and_cruse,cruise_40,0.6895183096994566,0.08004530904141863,6.209380446494863,8.614100163479566,7.195860803594875,True
lift_and_cruse,cruise_40,0.6895183096994576,0.08004530904141871,6.209380446494872,8.61410016347957,7.1999871007656076,True
lift_and_cruse,cruise_41,0.6895406783522553,0.08004722519113368,6.209586309820882,8.614173404584564,7.1999871007656076,True
lift_and_cruse,cruise_41,0.6895406783522565,0.08004722519113379,6.209586309820894,8.614173404584568,7.204113397936339,True
lift_and_cruse,cruise_41,0.6895406783522592,0.08004722519113401,6.209586309820919,8.614173404584577,7.21567502568816,True
lift_and_cruse,cruise_41,0.6895406783522625,0.08004722519113427,6.209586309820949,8.61417340458459,7.23238206185076,True
lift_and_cruse,cruise_41,0.6895406783522663,0.0800472251911346,6.209586309820983,8.614173404584603,7.250925473013787,True
lift_and_cruse,cruise_41,0.6895406783522705,0.08004722519113491,6.209586309821019,8.614173404584621,7.267632509176387,True
lift_and_cruse,cruise_41,0.6895406783522736,0.0800472251911352,6.209586309821051,8.614173404584628,7.279194136928209,True
lift_and_cruse,cruise_41,0.6895406783522746,0.08004722519113527,6.209586309821058,8.614173404584633,7.283320434098941,True
lift_and_cruse,cruise_42,0.689563144599032,0.08004914976536179,6.209793071612175,8.61424695478045,7.283320434098941,True
lift_and_cruse,cruise_42,0.6895631445990344,0.080049149765362,6.209793071612197,8.614246954780459,7.2874467312696725,True
lift_and_cruse,cruise_42,0.6895631445990364,0.08004914976536215,6.209793071612214,8.614246954780468,7.299008359021493,True
lift_and_cruse,cruise_42,0.6895631445990392,0.08004914976536238,6.20979307161224,8.614246954780477,7.315715395184093,True
lift_and_cruse,cruise_42,0.6895631445990449,0.08004914976536284,6.20979307161229,8.614246954780498,7.334258806347121,True
lift_and_cruse,cruise_42,0.6895631445990493,0.08004914976536322,6.209793071612333,8.614246954780514,7.350965842509721,True
lift_and_cruse,cruise_42,0.6895631445990525,0.08004914976536348,6.209793071612362,8.614246954780524,7.362527470261542,True
lift_and_cruse,cruise_42,0.6895631445990545,0.08004914976536362,6.2097930716123795,8.614246954780535,7.366653767432274,True
lift_and_cruse,cruise_43,0.6895857092733413,0.08005108283635512,6.210000739543918,8.614320816659417,7.366653767432274,True
lift_and_cruse,cruise_43,0.6895857092733494,0.08005108283635579,6.210000739543991,8.614320816659447,7.370780064603006,True
lift_and_cruse,cruise_43,0.689585709273351,0.0800510828363559,6.2100007395440056,8.614320816659456,7.382341692354827,True
lift_and_cruse,cruise_43,0.6895857092733538,0.08005108283635615,6.210000739544032,8.614320816659463,7.399048728517427,True
lift_and_cruse,cruise_43,0.6895857092733572,0.08005108283635644,6.210000739544066,8.614320816659474,7.417592139680454,True
lift_and_cruse,cruise_43,0.6895857092733609,0.08005108283635673,6.210000739544097,8.61432081665949,7.434299175843054,True
lift_and_cruse,cruise_43,0.6895857092733635,0.08005108283635694,6.210000739544121,8.614320816659498,7.445860803594875,True
lift_and_cruse,cruise_43,0.6895857092733652,0.08005108283635706,6.210000739544134,8.614320816659506,7.4499871007656076,True
lift_and_cruse,cruise_44,0.6896083732194012,0.0800530244772927,6.210209321389482,8.614394992846407,7.4499871007656076,True
lift_and_cruse,cruise_44,0.6896083732194097,0.0800530244772934,6.21020932138956,8.614394992846439,7.454113397936339,True
lift_and_cruse,cruise_44,0.689608373219411,0.08005302447729351,6.210209321389572,8.614394992846444,7.46567502568816,True
lift_and_cruse,cruise_44,0.6896083732194154,0.08005302447729384,6.21020932138961,8.614394992846462,7.48238206185076,True
lift_and_cruse,cruise_44,0.6896083732194188,0.08005302447729415,6.210209321389644,8.614394992846472,7.500925473013787,True
lift_and_cruse,cruise_44,0.6896083732194241,0.08005302447729454,6.210209321389688,8.614394992846497,7.517632509176387,True
lift_and_cruse,cruise_44,0.6896083732194273,0.08005302447729483,6.210209321389719,8.614394992846504,7.529194136928209,True
lift_and_cruse,cruise_44,0.6896083732194281,0.08005302447729491,6.210209321389728,8.614394992846506,7.533320434098941,True
lift_and_cruse,cruise_45,0.6896311372922529,0.08005497476229431,6.2104188250219075,8.614469485999606,7.533320434098941,True
lift_and_cruse,cruise_45,0.6896311372922674,0.0800549747622955,6.21041882502204,8.61446948599966,7.5374467312696725,True
lift_and_cruse,cruise_45,0.689631137292269,0.08005497476229564,6.210418825022053,8.614469485999663,7.549008359021493,True
lift_and_cruse,cruise_45,0.6896311372922725,0.08005497476229591,6.210418825022084,8.61446948599968,7.565715395184093,True
lift_and_cruse,cruise_45,0.6896311372922759,0.0800549747622962,6.210418825022116,8.61446948599969,7.584258806347121,True
lift_and_cruse,cruise_45,0.6896311372922797,0.08005497476229653,6.210418825022153,8.6144694859997,7.600965842509721,True
lift_and_cruse,cruise_45,0.6896311372922822,0.08005497476229673,6.210418825022174,8.614469485999711,7.612527470261542,True
lift_and_cruse,cruise_45,0.6896311372922838,0.08005497476229684,6.210418825022188,8.61446948599972,7.616653767432274,True
lift_and_cruse,cruise_46,0.6896540023579488,0.08005693376643713,6.21062925841564,8.614544298810975,7.616653767432274,True
lift_and_cruse,cruise_46,0.6896540023579649,0.08005693376643844,6.210629258415786,8.614544298811035,7.620780064603006,True
lift_and_cruse,cruise_46,0.6896540023579676,0.08005693376643866,6.21062925841581,8.614544298811046,7.632341692354827,True
lift_and_cruse,cruise_46,0.6896540023579718,0.08005693376643899,6.210629258415847,8.614544298811062,7.649048728517427,True
lift_and_cruse,cruise_46,0.689654002357977,0.08005693376643942,6.210629258415895,8.614544298811081,7.667592139680454,True
lift_and_cruse,cruise_46,0.6896540023579817,0.08005693376643983,6.210629258415939,8.614544298811095,7.684299175843054,True
lift_and_cruse,cruise_46,0.6896540023579854,0.08005693376644012,6.210629258415972,8.61454429881111,7.695860803594875,True
lift_and_cruse,cruise_46,0.689654002357987,0.08005693376644027,6.21062925841599,8.614544298811115,7.6999871007656076,True
lift_and_cruse,cruise_47,0.6896769692937372,0.08005890156577154,6.210840629648219,8.614619434006853,7.6999871007656076,True
lift_and_cruse,cruise_47,0.6896769692937533,0.08005890156577286,6.2108406296483665,8.614619434006913,7.704113397936339,True
lift_and_cruse,cruise_47,0.6896769692937569,0.08005890156577315,6.210840629648399,8.614619434006926,7.71567502568816,True
lift_and_cruse,cruise_47,0.6896769692937615,0.08005890156577354,6.210840629648441,8.614619434006942,7.73238206185076,True
lift_and_cruse,cruise_47,0.6896769692937682,0.08005890156577411,6.210840629648504,8.614619434006965,7.750925473013787,True
lift_and_cruse,cruise_47,0.6896769692937749,0.08005890156577461,6.210840629648562,8.614619434006993,7.767632509176387,True
lift_and_cruse,cruise_47,0.6896769692937801,0.08005890156577507,6.210840629648612,8.61461943400701,7.779194136928209,True
lift_and_cruse,cruise_47,0.6896769692937817,0.08005890156577519,6.210840629648626,8.614619434007016,7.783320434098941,True
lift_and_cruse,cruise_48,0.6897000389882598,0.08006087823733837,6.211052946902113,8.61469489434855,7.783320434098941,True
lift_and_cruse,cruise_48,0.6897000389882906,0.08006087823734091,6.211052946902395,8.614694894348661,7.7874467312696725,True
lift_and_cruse,cruise_48,0.6897000389882921,0.08006087823734104,6.211052946902409,8.614694894348666,7.799008359021493,True
lift_and_cruse,cruise_48,0.6897000389882975,0.08006087823734147,6.2110529469024565,8.614694894348688,7.815715395184093,True
lift_and_cruse,cruise_48,0.6897000389883021,0.08006087823734184,6.211052946902499,8.614694894348705,7.834258806347121,True
lift_and_cruse,cruise_48,0.6897000389883076,0.08006087823734229,6.211052946902548,8.614694894348725,7.850965842509721,True
lift_and_cruse,cruise_48,0.6897000389883108,0.08006087823734256,6.211052946902581,8.614694894348736,7.862527470261542,True
lift_and_cruse,cruise_48,0.689700038988313,0.08006087823734274,6.2110529469026,8.614694894348744,7.866653767432274,True
lift_and_cruse,cruise_49,0.6897232123417482,0.08006286385918629,6.211266218466521,8.614770682632912,7.866653767432274,True
lift_and_cruse,cruise_49,0.6897232123417808,0.08006286385918897,6.21126621846682,8.614770682633031,7.870780064603006,True
lift_and_cruse,cruise_49,0.6897232123417851,0.08006286385918931,6.211266218466857,8.614770682633049,7.882341692354827,True
lift_and_cruse,cruise_49,0.6897232123417907,0.08006286385918979,6.211266218466908,8.614770682633067,7.899048728517427,True
lift_and_cruse,cruise_49,0.6897232123417985,0.08006286385919044,6.2112662184669825,8.614770682633093,7.917592139680454,True
lift_and_cruse,cruise_49,0.6897232123418043,0.08006286385919091,6.211266218467034,8.614770682633116,7.934299175843054,True
lift_and_cruse,cruise_49,0.68972321234181,0.08006286385919137,6.2112662184670855,8.614770682633138,7.945860803594875,True
lift_and_cruse,cruise_49,0.6897232123418118,0.08006286385919151,6.2112662184671015,8.614770682633145,7.9499871007656076,True
lift_and_cruse,cruise_50,0.6897464902662238,0.08006485851038894,6.2114804527392105,8.614846801692963,7.9499871007656076,True
lift_and_cruse,cruise_50,0.6897464902662612,0.080064858510392,6.21148045273955,8.614846801693101,7.954113397936339,True
lift_and_cruse,cruise_50,0.689746490266265,0.0800648585103923,6.211480452739585,8.614846801693117,7.96567502568816,True
lift_and_cruse,cruise_50,0.6897464902662711,0.08006485851039281,6.21148045273964,8.614846801693137,7.98238206185076,True
lift_and_cruse,cruise_50,0.6897464902662785,0.08006485851039342,6.211480452739709,8.614846801693165,8.000925473013787,True
lift_and_cruse,cruise_50,0.6897464902662855,0.080064858510394,6.211480452739772,8.61484680169319,8.017632509176387,True
lift_and_cruse,cruise_50,0.6897464902662908,0.08006485851039444,6.211480452739822,8.614846801693208,8.029194136928208,True
lift_and_cruse,cruise_50,0.6897464902662925,0.08006485851039458,6.211480452739838,8.614846801693215,8.03332043409894,True
lift_and_cruse,cruise_51,0.6897698736857043,0.08006686227106294,6.21169565822842,8.614923254398528,8.03332043409894,True
lift_and_cruse,cruise_51,0.6897698736857405,0.08006686227106588,6.211695658228748,8.614923254398665,8.037446731269673,True
lift_and_cruse,cruise_51,0.6897698736857449,0.08006686227106627,6.211695658228792,8.614923254398677,8.049008359021494,True
lift_and_cruse,cruise_51,0.689769873685751,0.08006686227106677,6.211695658228845,8.6149232543987,8.065715395184094,True
lift_and_cruse,cruise_51,0.6897698736857582,0.08006686227106735,6.211695658228911,8.614923254398727,8.08425880634712,True
lift_and_cruse,cruise_51,0.6897698736857661,0.08006686227106799,6.211695658228981,8.614923254398757,8.100965842509721,True
lift_and_cruse,cruise_51,0.6897698736857696,0.0800668622710683,6.211695658229013,8.614923254398768,8.112527470261542,True
lift_and_cruse,cruise_51,0.6897698736857726,0.08006686227106852,6.211695658229039,8.61492325439878,8.116653767432274,True
lift_and_cruse,cruise_52,0.6897933635364172,0.08006887522238659,6.2119118435548275,8.615000043656872,8.116653767432274,True
lift_and_cruse,cruise_52,0.6897933635364517,0.08006887522238945,6.211911843555146,8.615000043656996,8.120780064603005,True
lift_and_cruse,cruise_52,0.6897933635364558,0.08006887522238978,6.21191184355518,8.615000043657012,8.132341692354826,True
lift_and_cruse,cruise_52,0.6897933635364621,0.0800688752223903,6.211911843555239,8.615000043657036,8.149048728517426,True
lift_and_cruse,cruise_52,0.6897933635364679,0.08006887522239078,6.211911843555294,8.615000043657055,8.167592139680455,True
lift_and_cruse,cruise_52,0.6897933635364752,0.08006887522239137,6.211911843555359,8.615000043657083,8.184299175843055,True
lift_and_cruse,cruise_52,0.6897933635364799,0.08006887522239176,6.2119118435553995,8.615000043657101,8.195860803594876,True
lift_and_cruse,cruise_52,0.689793363536482,0.08006887522239192,6.211911843555419,8.615000043657108,8.199987100765608,True
lift_and_cruse,cruise_53,0.6898169607670113,0.0800708974466185,6.212129017453512,8.615077172413324,8.199987100765608,True
lift_and_cruse,cruise_53,0.6898169607670419,0.08007089744662102,6.212129017453794,8.615077172413434,8.20411339793634,True
lift_and_cruse,cruise_53,0.6898169607670451,0.0800708974466213,6.212129017453825,8.615077172413445,8.21567502568816,True
lift_and_cruse,cruise_53,0.6898169607670521,0.08007089744662185,6.212129017453886,8.615077172413473,8.23238206185076,True
lift_and_cruse,cruise_53,0.6898169607670593,0.08007089744662244,6.212129017453951,8.6150771724135,8.250925473013787,True
lift_and_cruse,cruise_53,0.6898169607670658,0.08007089744662299,6.2121290174540125,8.615077172413521,8.267632509176387,True
lift_and_cruse,cruise_53,0.6898169607670699,0.0800708974466233,6.212129017454048,8.615077172413539,8.279194136928208,True
lift_and_cruse,cruise_53,0.689816960767071,0.0800708974466234,6.212129017454059,8.61507717241354,8.28332043409894,True
lift_and_cruse,cruise_54,0.6898406663387732,0.08007292902711596,6.2123471887759205,8.615154643651975,8.28332043409894,True
lift_and_cruse,cruise_54,0.6898406663394864,0.08007292902717444,6.212347188782432,8.615154643654591,8.287446731269673,True
lift_and_cruse,cruise_54,0.6898406663390269,0.08007292902713678,6.212347188778239,8.615154643652904,8.299008359021494,True
lift_and_cruse,cruise_54,0.689840666338857,0.08007292902712285,6.21234718877669,8.615154643652282,8.315715395184094,True
lift_and_cruse,cruise_54,0.6898406663387705,0.08007292902711574,6.212347188775897,8.615154643651966,8.33425880634712,True
lift_and_cruse,cruise_54,0.6898406663387726,0.08007292902711594,6.212347188775919,8.615154643651971,8.350965842509721,True
lift_and_cruse,cruise_54,0.6898406663373517,0.08007292902699945,6.212347188762949,8.615154643646761,8.362527470261542,True
lift_and_cruse,cruise_54,0.6898406663387732,0.08007292902711596,6.2123471887759205,8.615154643651975,8.366653767432274,True
lift_and_cruse,cruise_55,0.6898644812229168,0.08007497004811431,6.212566366465172,8.61523246038557,8.366653767432274,True
lift_and_cruse,cruise_55,0.6898644812261367,0.0800749700483783,6.212566366494557,8.615232460397381,8.370780064603005,True
lift_and_cruse,cruise_55,0.689864481225871,0.08007497004835651,6.212566366492132,8.615232460396406,8.382341692354826,True
lift_and_cruse,cruise_55,0.689864481225871,0.08007497004835651,6.212566366492132,8.615232460396406,8.399048728517426,True
lift_and_cruse,cruise_55,0.689864481225871,0.08007497004835651,6.212566366492132,8.615232460396406,8.417592139680455,True
lift_and_cruse,cruise_55,0.689864481225871,0.08007497004835651,6.212566366492131,8.615232460396406,8.434299175843055,True
lift_and_cruse,cruise_55,0.689864481225871,0.08007497004835651,6.212566366492131,8.615232460396406,8.445860803594876,True
lift_and_cruse,cruise_55,0.6898644812258707,0.08007497004835648,6.21256636649213,8.615232460396406,8.449987100765608,True
lift_and_cruse,cruise_56,0.6898884064155577,0.0800770205959557,6.212786559692723,8.615310625710276,8.449987100765608,True
lift_and_cruse,cruise_56,0.6898884064155578,0.08007702059595573,6.212786559692725,8.615310625710274,8.45411339793634,True
lift_and_cruse,cruise_56,0.6898884064155577,0.0800770205959557,6.212786559692723,8.615310625710276,8.46567502568816,True
lift_and_cruse,cruise_56,0.6898884064155577,0.0800770205959557,6.212786559692723,8.615310625710276,8.48238206185076,True
lift_and_cruse,cruise_56,0.6898884064155575,0.0800770205959557,6.212786559692722,8.615310625710272,8.500925473013787,True
lift_and_cruse,cruise_56,0.6898884064155579,0.08007702059595573,6.2127865596927245,8.615310625710276,8.517632509176387,True
lift_and_cruse,cruise_56,0.6898884064155575,0.0800770205959557,6.212786559692722,8.615310625710272,8.529194136928208,True
lift_and_cruse,cruise_56,0.6898884064155577,0.0800770205959557,6.212786559692723,8.615310625710276,8.53332043409894,True
lift_and_cruse,cruise_57,0.689912442908421,0.08007908075668876,6.213007777591071,8.615389142698104,8.53332043409894,True
lift_and_cruse,cruise_57,0.689912442908421,0.08007908075668876,6.213007777591071,8.615389142698104,8.537446731269673,True
lift_and_cruse,cruise_57,0.6899124429084252,0.0800790807566891,6.213007777591109,8.61538914269812,8.549008359021492,True
lift_and_cruse,cruise_57,0.689912442908421,0.08007908075668876,6.213007777591071,8.615389142698104,8.565715395184094,True
lift_and_cruse,cruise_57,0.6899124429084219,0.08007908075668883,6.213007777591077,8.615389142698108,8.58425880634712,True
lift_and_cruse,cruise_57,0.689912442908429,0.0800790807566894,6.213007777591143,8.615389142698135,8.600965842509721,True
lift_and_cruse,cruise_57,0.6899124429084356,0.08007908075668996,6.213007777591204,8.615389142698158,8.612527470261542,True
lift_and_cruse,cruise_57,0.6899124429084212,0.0800790807566888,6.213007777591075,8.615389142698103,8.616653767432274,True
lift_and_cruse,cruise_58,0.6899365917186245,0.08008115061851154,6.213230029525572,8.615468014506012,8.616653767432274,True
lift_and_cruse,cruise_58,0.6899365917186245,0.08008115061851154,6.2132300295255725,8.615468014506012,8.620780064603005,True
lift_and_cruse,cruise_58,0.6899365917186245,0.08008115061851155,6.213230029525573,8.61546801450601,8.632341692354826,True
lift_and_cruse,cruise_58,0.6899365917186245,0.08008115061851154,6.213230029525572,8.615468014506012,8.649048728517426,True
lift_and_cruse,cruise_58,0.6899365917186239,0.08008115061851148,6.213230029525565,8.61546801450601,8.667592139680455,True
lift_and_cruse,cruise_58,0.6899365917226759,0.0800811506188437,6.213230029562545,8.615468014520866,8.684299175843055,True
lift_and_cruse,cruise_58,0.6899365917170571,0.08008115061838302,6.2132300295112675,8.615468014500268,8.695860803594876,True
lift_and_cruse,cruise_58,0.6899365917186249,0.08008115061851157,6.213230029525577,8.615468014506014,8.699987100765608,True
lift_and_cruse,cruise_59,0.6899608538744291,0.08008323027060464,6.213453324964428,8.615547244323462,8.699987100765608,True
lift_and_cruse,cruise_59,0.689960853874148,0.08008323027058158,6.213453324961861,8.615547244322434,8.70411339793634,True
lift_and_cruse,cruise_59,0.6899608538741474,0.08008323027058153,6.213453324961858,8.61554724432243,8.71567502568816,True
lift_and_cruse,cruise_59,0.689960853874148,0.08008323027058156,6.21345332496186,8.615547244322435,8.73238206185076,True
lift_and_cruse,cruise_59,0.689960853874148,0.08008323027058158,6.213453324961861,8.615547244322434,8.750925473013787,True
lift_and_cruse,cruise_59,0.6899608538741473,0.08008323027058152,6.213453324961857,8.61554724432243,8.767632509176389,True
lift_and_cruse,cruise_59,0.6899608538741473,0.08008323027058152,6.213453324961857,8.61554724432243,8.779194136928208,True
lift_and_cruse,cruise_59,0.6899608538741474,0.08008323027058153,6.213453324961858,8.61554724432243,8.78332043409894,True
lift_and_cruse,cruise_60,0.68998523041704,0.08008531980328022,6.213677673495136,8.61562683537887,8.78332043409894,True
lift_and_cruse,cruise_60,0.689985230417041,0.0800853198032803,6.213677673495144,8.615626835378874,8.787446731269673,True
lift_and_cruse,cruise_60,0.6899852304170403,0.08008531980328026,6.213677673495139,8.61562683537887,8.799008359021492,True
lift_and_cruse,cruise_60,0.6899852304170392,0.08008531980328018,6.21367767349513,8.615626835378865,8.815715395184094,True
lift_and_cruse,cruise_60,0.6899852304170396,0.08008531980328021,6.213677673495135,8.615626835378867,8.83425880634712,True
lift_and_cruse,cruise_60,0.6899852304170396,0.08008531980328021,6.213677673495135,8.615626835378867,8.850965842509721,True
lift_and_cruse,cruise_60,0.6899852304170395,0.0800853198032802,6.213677673495132,8.615626835378867,8.862527470261542,True
lift_and_cruse,cruise_60,0.6899852304170425,0.08008531980328043,6.213677673495159,8.61562683537888,8.866653767432274,True
lift_and_cruse,cruise_61,0.6900097224036796,0.08008741930823511,6.213903084852558,8.615706790950727,8.866653767432274,True
lift_and_cruse,cruise_61,0.6900097224036787,0.08008741930823504,6.213903084852551,8.615706790950723,8.870780064603005,True
lift_and_cruse,cruise_61,0.690009722403679,0.08008741930823504,6.213903084852552,8.615706790950727,8.882341692354826,True
lift_and_cruse,cruise_61,0.6900097224036787,0.08008741930823504,6.213903084852549,8.615706790950723,8.899048728517426,True
lift_and_cruse,cruise_61,0.6900097224036781,0.08008741930823499,6.213903084852545,8.615706790950721,8.917592139680455,True
lift_and_cruse,cruise_61,0.6900097224036795,0.08008741930823511,6.213903084852557,8.615706790950727,8.934299175843055,True
lift_and_cruse,cruise_61,0.6900097224036859,0.08008741930823562,6.213903084852616,8.61570679095075,8.945860803594876,True
lift_and_cruse,cruise_61,0.6900097224036799,0.08008741930823515,6.213903084852563,8.615706790950725,8.949987100765608,True
lift_and_cruse,cruise_62,0.8332565250745647,0.09372113777073832,7.538743861377797,8.890806758160428,8.949987100765608,True
lift_and_cruse,cruise_62,0.8332565250745653,0.09372113777073834,7.5387438613778,8.89080675816043,8.95411339793634,True
lift_and_cruse,cruise_62,0.8332565250745647,0.09372113777073832,7.538743861377797,8.890806758160428,8.96567502568816,True
lift_and_cruse,cruise_62,0.8332565250745647,0.09372113777073832,7.538743861377797,8.890806758160428,8.98238206185076,True
lift_and_cruse,cruise_62,0.8332565250745653,0.09372113777073834,7.5387438613778,8.89080675816043,9.000925473013787,True
lift_and_cruse,cruise_62,0.8332565250745653,0.09372113777073834,7.5387438613778,8.89080675816043,9.017632509176389,True
lift_and_cruse,cruise_62,0.8332565250745647,0.09372113777073832,7.538743861377797,8.890806758160428,9.029194136928208,True
lift_and_cruse,cruise_62,0.8332565250745644,0.09372113777073826,7.538743861377794,8.890806758160428,9.03332043409894,True
lift_and_cruse,cruise_63,0.8332993311612135,0.09372562947390042,7.539141879450218,8.890837392489965,9.03332043409894,True
lift_and_cruse,cruise_63,0.8332993311611777,0.09372562947389679,7.539141879449888,8.890837392489928,9.037446731269673,True
lift_and_cruse,cruise_63,0.8332993311611716,0.09372562947389615,7.539141879449832,8.890837392489924,9.049008359021492,True
lift_and_cruse,cruise_63,0.8332993311612333,0.09372562947390245,7.539141879450401,8.890837392489985,9.065715395184094,True
lift_and_cruse,cruise_63,0.8332993311612371,0.09372562947390284,7.539141879450438,8.890837392489988,9.08425880634712,True
lift_and_cruse,cruise_63,0.8332993311612407,0.09372562947390317,7.539141879450468,8.890837392489995,9.100965842509721,True
lift_and_cruse,cruise_63,0.8332993311612437,0.09372562947390348,7.539141879450497,8.890837392489997,9.112527470261542,True
lift_and_cruse,cruise_63,0.8332993311612448,0.09372562947390359,7.539141879450506,8.890837392489999,9.116653767432274,True
lift_and_cruse,cruise_64,0.8333422895241832,0.09373013741435376,7.539541314799711,8.890868108303508,9.116653767432274,True
lift_and_cruse,cruise_64,0.8333422895241865,0.09373013741435415,7.539541314799744,8.890868108303506,9.120780064603005,True
lift_and_cruse,cruise_64,0.8333422895244637,0.0937301374143823,7.539541314802301,8.890868108303792,9.132341692354826,True
lift_and_cruse,cruise_64,0.8333422895243445,0.0937301374143702,7.539541314801201,8.89086810830367,9.149048728517426,True
lift_and_cruse,cruise_64,0.8333422895241882,0.09373013741435426,7.539541314799757,8.890868108303513,9.167592139680455,True
lift_and_cruse,cruise_64,0.8333422895242376,0.09373013741435932,7.539541314800213,8.890868108303561,9.184299175843055,True
lift_and_cruse,cruise_64,0.8333422895241924,0.09373013741435474,7.539541314799797,8.890868108303513,9.195860803594876,True
lift_and_cruse,cruise_64,0.8333422895241706,0.09373013741435249,7.539541314799594,8.890868108303493,9.199987100765608,True
lift_and_cruse,cruise_65,0.8333854013324431,0.0937346617175372,7.539942178310443,8.890898906146282,9.199987100765608,True
lift_and_cruse,cruise_65,0.8333854013311988,0.09373466171741066,7.5399421782989515,8.890898906145008,9.20411339793634,True
lift_and_cruse,cruise_65,0.8333854013311993,0.09373466171741074,7.5399421782989595,8.890898906145006,9.21567502568816,True
lift_and_cruse,cruise_65,0.8333854013311992,0.09373466171741074,7.539942178298958,8.890898906145004,9.23238206185076,True
lift_and_cruse,cruise_65,0.8333854013311992,0.09373466171741074,7.539942178298958,8.890898906145004,9.250925473013787,True
lift_and_cruse,cruise_65,0.8333854013311993,0.09373466171741074,7.5399421782989595,8.890898906145006,9.267632509176389,True
lift_and_cruse,cruise_65,0.8333854013311989,0.09373466171741068,7.539942178298955,8.890898906145006,9.279194136928208,True
lift_and_cruse,cruise_65,0.8333854013311992,0.09373466171741074,7.539942178298958,8.890898906145004,9.28332043409894,True
lift_and_cruse,cruise_66,0.8334286677643108,0.09373920250992351,7.540344480953991,8.89092978656482,9.28332043409894,True
lift_and_cruse,cruise_66,0.8334286674719902,0.09373920248020276,7.540344478254841,8.890929786265314,9.287446731269673,True
lift_and_cruse,cruise_66,0.8334286674885674,0.09373920248188819,7.540344478407907,8.8909297862823,9.299008359021492,True
lift_and_cruse,cruise_66,0.8334286675159512,0.09373920248467235,7.5403444786607565,8.890929786310357,9.315715395184094,True
lift_and_cruse,cruise_66,0.8334286675476661,0.09373920248789686,7.540344478953595,8.890929786342852,9.33425880634712,True
lift_and_cruse,cruise_66,0.8334286675718278,0.09373920249035342,7.540344479176693,8.890929786367607,9.350965842509721,True
lift_and_cruse,cruise_66,0.833428667589003,0.09373920249209966,7.54034447933528,8.890929786385204,9.362527470261542,True
lift_and_cruse,cruise_66,0.8334286675986355,0.09373920249307904,7.540344479424225,8.890929786395072,9.366653767432274,True
lift_and_cruse,cruise_67,0.8334720900175268,0.09374375992004555,7.5407482338824,8.890960750117113,9.366653767432274,True
lift_and_cruse,cruise_67,0.8334720900176978,0.09374375992006295,7.54074823388398,8.890960750117287,9.370780064603005,True
lift_and_cruse,cruise_67,0.8334720900176976,0.09374375992006292,7.5407482338839795,8.890960750117287,9.382341692354826,True
lift_and_cruse,cruise_67,0.8334720900176976,0.0937437599200629,7.540748233883976,8.89096075011729,9.399048728517426,True
lift_and_cruse,cruise_67,0.8334720900176976,0.09374375992006292,7.5407482338839795,8.890960750117287,9.417592139680455,True
lift_and_cruse,cruise_67,0.8334720900176976,0.0937437599200629,7.540748233883976,8.89096075011729,9.434299175843055,True
lift_and_cruse,cruise_67,0.8334720900176976,0.09374375992006292,7.5407482338839795,8.890960750117287,9.445860803594876,True
lift_and_cruse,cruise_67,0.8334720900176978,0.09374375992006295,7.54074823388398,8.890960750117287,9.449987100765608,True
lift_and_cruse,cruise_68,0.8335156693025184,0.09374833407781274,7.541153448366009,8.890991797365551,9.449987100765608,True
lift_and_cruse,cruise_68,0.8335156693027829,0.09374833407783964,7.541153448368453,8.890991797365821,9.45411339793634,True
lift_and_cruse,cruise_68,0.8335156693027829,0.09374833407783964,7.541153448368453,8.890991797365821,9.46567502568816,True
lift_and_cruse,cruise_68,0.8335156693027831,0.09374833407783964,7.541153448368455,8.890991797365823,9.48238206185076,True
lift_and_cruse,cruise_68,0.8335156693027829,0.09374833407783964,7.541153448368453,8.890991797365821,9.500925473013787,True
lift_and_cruse,cruise_68,0.8335156693027831,0.09374833407783964,7.541153448368455,8.890991797365823,9.517632509176389,True
lift_and_cruse,cruise_68,0.8335156693027831,0.09374833407783964,7.541153448368455,8.890991797365823,9.529194136928208,True
lift_and_cruse,cruise_68,0.8335156693027829,0.09374833407783961,7.541153448368451,8.890991797365823,9.53332043409894,True
lift_and_cruse,cruise_69,0.8335594068434035,0.09375292511461439,7.541560135802716,8.891022928877838,9.53332043409894,True
lift_and_cruse,cruise_69,0.8335594068435679,0.09375292511463112,7.541560135804235,8.891022928878005,9.537446731269673,True
lift_and_cruse,cruise_69,0.833559406843568,0.09375292511463115,7.541560135804236,8.891022928878003,9.549008359021492,True
lift_and_cruse,cruise_69,0.833559406843568,0.09375292511463115,7.541560135804236,8.891022928878003,9.565715395184094,True
lift_and_cruse,cruise_69,0.8335594068435681,0.09375292511463118,7.541560135804238,8.891022928878002,9.58425880634712,True
lift_and_cruse,cruise_69,0.833559406843568,0.09375292511463115,7.541560135804236,8.891022928878003,9.600965842509721,True
lift_and_cruse,cruise_69,0.833559406843568,0.09375292511463115,7.541560135804236,8.891022928878003,9.612527470261542,True
lift_and_cruse,cruise_69,0.8335594068435679,0.09375292511463112,7.541560135804235,8.891022928878005,9.616653767432274,True
lift_and_cruse,cruise_70,0.8336033038790945,0.09375753316343377,7.541968307728207,8.891054145227947,9.616653767432274,True
lift_and_cruse,cruise_70,0.8336033038793184,0.09375753316345653,7.541968307730273,8.891054145228177,9.620780064603005,True
lift_and_cruse,cruise_70,0.8336033038793179,0.09375753316345647,7.54196830773027,8.891054145228177,9.632341692354826,True
lift_and_cruse,cruise_70,0.8336033038793181,0.09375753316345653,7.541968307730271,8.891054145228173,9.649048728517426,True
lift_and_cruse,cruise_70,0.8336033038793181,0.09375753316345653,7.541968307730271,8.891054145228173,9.667592139680455,True
lift_and_cruse,cruise_70,0.8336033038793178,0.09375753316345647,7.541968307730269,8.891054145228175,9.684299175843055,True
lift_and_cruse,cruise_70,0.8336033038793179,0.09375753316345647,7.54196830773027,8.891054145228177,9.695860803594876,True
lift_and_cruse,cruise_70,0.8336033038793179,0.09375753316345647,7.54196830773027,8.891054145228177,9.699987100765608,True
lift_and_cruse,cruise_71,0.8336473616640551,0.09376215835892623,7.542377975822962,8.891085446996764,9.699987100765608,True
lift_and_cruse,cruise_71,0.8336473616643153,0.09376215835895271,7.542377975825366,8.891085446997028,9.70411339793634,True
lift_and_cruse,cruise_71,0.8336473616643153,0.09376215835895271,7.542377975825366,8.891085446997028,9.71567502568816,True
lift_and_cruse,cruise_71,0.8336473616643153,0.09376215835895271,7.542377975825366,8.891085446997028,9.73238206185076,True
lift_and_cruse,cruise_71,0.8336473616643149,0.09376215835895266,7.542377975825364,8.89108544699703,9.750925473013787,True
lift_and_cruse,cruise_71,0.8336473616643149,0.09376215835895266,7.542377975825364,8.89108544699703,9.767632509176389,True
lift_and_cruse,cruise_71,0.8336473616643149,0.09376215835895266,7.542377975825364,8.89108544699703,9.779194136928208,True
lift_and_cruse,cruise_71,0.8336473616643149,0.09376215835895266,7.542377975825364,8.89108544699703,9.78332043409894,True
lift_and_cruse,cruise_72,0.833691581467718,0.09376680083736186,7.5427891519068995,8.891116834771326,9.78332043409894,True
lift_and_cruse,cruise_72,0.8336915814681086,0.09376680083740158,7.542789151910506,8.891116834771726,9.787446731269673,True
lift_and_cruse,cruise_72,0.8336915814681086,0.09376680083740158,7.542789151910506,8.891116834771726,9.799008359021492,True
lift_and_cruse,cruise_72,0.8336915814681086,0.09376680083740158,7.542789151910506,8.891116834771726,9.815715395184094,True
lift_and_cruse,cruise_72,0.8336915814681082,0.09376680083740155,7.542789151910503,8.891116834771722,9.83425880634712,True
lift_and_cruse,cruise_72,0.8336915814681082,0.09376680083740155,7.542789151910503,8.891116834771722,9.850965842509721,True
lift_and_cruse,cruise_72,0.8336915814681082,0.09376680083740155,7.542789151910503,8.891116834771722,9.862527470261542,True
lift_and_cruse,cruise_72,0.8336915814681082,0.09376680083740155,7.542789151910503,8.891116834771722,9.866653767432274,True
lift_and_cruse,cruise_73,0.8337359645742026,0.0937714607365982,7.543201847936775,8.891148309144368,9.866653767432274,True
lift_and_cruse,cruise_73,0.8337359645757604,0.09377146073675666,7.543201847951159,8.891148309145956,9.870780064603005,True
lift_and_cruse,cruise_73,0.8337359645757604,0.09377146073675666,7.543201847951159,8.891148309145956,9.882341692354826,True
lift_and_cruse,cruise_73,0.8337359645757607,0.09377146073675668,7.543201847951162,8.891148309145958,9.899048728517426,True
lift_and_cruse,cruise_73,0.8337359645757605,0.09377146073675666,7.543201847951161,8.891148309145958,9.917592139680455,True
lift_and_cruse,cruise_73,0.8337359645757605,0.09377146073675666,7.543201847951161,8.891148309145958,9.934299175843055,True
lift_and_cruse,cruise_73,0.8337359645757604,0.09377146073675666,7.543201847951159,8.891148309145956,9.945860803594876,True
lift_and_cruse,cruise_73,0.8337359645757605,0.09377146073675666,7.543201847951161,8.891148309145958,9.949987100765608,True
lift_and_cruse,cruise_74,0.8337805122881168,0.09377613819667202,7.543616076059797,8.891179870720102,9.949987100765608,True
lift_and_cruse,cruise_74,0.8337805122881108,0.09377613819667141,7.543616076059742,8.891179870720096,9.95411339793634,True
lift_and_cruse,cruise_74,0.8337805122881108,0.09377613819667141,7.543616076059742,8.891179870720096,9.96567502568816,True
lift_and_cruse,cruise_74,0.8337805122881103,0.09377613819667135,7.543616076059736,8.891179870720096,9.98238206185076,True
lift_and_cruse,cruise_74,0.8337805122881103,0.09377613819667135,7.543616076059736,8.891179870720096,10.000925473013787,True
lift_and_cruse,cruise_74,0.8337805122881103,0.09377613819667135,7.543616076059736,8.891179870720096,10.017632509176389,True
lift_and_cruse,cruise_74,0.8337805122881108,0.09377613819667141,7.543616076059742,8.891179870720096,10.029194136928208,True
lift_and_cruse,cruise_74,0.8337805122881103,0.09377613819667135,7.543616076059736,8.891179870720096,10.03332043409894,True
lift_and_cruse,cruise_75,0.8338252259220296,0.0937808333585268,7.544031848497956,8.891211520101255,10.03332043409894,True
lift_and_cruse,cruise_75,0.833825225922032,0.09378083335852705,7.544031848497978,8.891211520101258,10.037446731269673,True
lift_and_cruse,cruise_75,0.8338252259220327,0.09378083335852713,7.544031848497986,8.891211520101256,10.049008359021492,True
lift_and_cruse,cruise_75,0.8338252259220335,0.09378083335852722,7.544031848497994,8.891211520101256,10.065715395184094,True
lift_and_cruse,cruise_75,0.8338252259220322,0.09378083335852708,7.544031848497982,8.891211520101256,10.08425880634712,True
lift_and_cruse,cruise_75,0.8338252259220325,0.0937808333585271,7.544031848497985,8.891211520101256,10.100965842509721,True
lift_and_cruse,cruise_75,0.8338252259220332,0.09378083335852719,7.544031848497991,8.891211520101258,10.112527470261542,True
lift_and_cruse,cruise_75,0.8338252259220329,0.09378083335852716,7.544031848497988,8.891211520101256,10.116653767432274,True
lift_and_cruse,cruise_76,0.8338701068107104,0.09378554636546266,7.5444491776795415,8.89124325790344,10.116653767432274,True
lift_and_cruse,cruise_76,0.8338701068107107,0.09378554636546269,7.544449177679545,8.891243257903442,10.120780064603005,True
lift_and_cruse,cruise_76,0.8338701068107107,0.09378554636546269,7.544449177679545,8.891243257903442,10.132341692354826,True
lift_and_cruse,cruise_76,0.83387010681071,0.09378554636546263,7.544449177679539,8.89124325790344,10.149048728517426,True
lift_and_cruse,cruise_76,0.8338701068107107,0.09378554636546269,7.544449177679545,8.891243257903442,10.167592139680455,True
lift_and_cruse,cruise_76,0.8338701068107104,0.09378554636546266,7.5444491776795415,8.89124325790344,10.184299175843055,True
lift_and_cruse,cruise_76,0.8338701068107104,0.09378554636546266,7.5444491776795415,8.89124325790344,10.195860803594876,True
lift_and_cruse,cruise_76,0.8338701068107104,0.09378554636546266,7.5444491776795415,8.89124325790344,10.199987100765608,True
lift_and_cruse,cruise_77,0.8339151563039031,0.09379027736240345,7.54486807617243,8.891275084747583,10.199987100765608,True
lift_and_cruse,cruise_77,0.8339151563039031,0.09379027736240345,7.54486807617243,8.891275084747583,10.20411339793634,True
lift_and_cruse,cruise_77,0.8339151563039031,0.09379027736240345,7.54486807617243,8.891275084747583,10.21567502568816,True
lift_and_cruse,cruise_77,0.833915156303903,0.09379027736240342,7.5448680761724285,8.891275084747585,10.23238206185076,True
lift_and_cruse,cruise_77,0.8339151563039031,0.09379027736240345,7.54486807617243,8.891275084747583,10.250925473013787,True
lift_and_cruse,cruise_77,0.8339151563039034,0.09379027736240345,7.544868076172431,8.891275084747587,10.267632509176389,True
lift_and_cruse,cruise_77,0.8339151563039034,0.09379027736240345,7.544868076172431,8.891275084747587,10.279194136928208,True
lift_and_cruse,cruise_77,0.833915156303903,0.09379027736240342,7.5448680761724285,8.891275084747585,10.28332043409894,True
lift_and_cruse,cruise_78,0.8339603757682318,0.09379502649609175,7.5452885567017125,8.891307001261747,10.28332043409894,True
lift_and_cruse,cruise_78,0.833960375768232,0.09379502649609181,7.545288556701714,8.891307001261746,10.287446731269673,True
lift_and_cruse,cruise_78,0.8339603757682322,0.09379502649609184,7.545288556701718,8.891307001261746,10.299008359021492,True
lift_and_cruse,cruise_78,0.8339603757682322,0.09379502649609184,7.545288556701718,8.891307001261746,10.315715395184094,True
lift_and_cruse,cruise_78,0.8339603757682322,0.09379502649609184,7.545288556701718,8.891307001261746,10.33425880634712,True
lift_and_cruse,cruise_78,0.833960375768232,0.09379502649609181,7.545288556701714,8.891307001261746,10.350965842509721,True
lift_and_cruse,cruise_78,0.8339603757682318,0.09379502649609175,7.5452885567017125,8.891307001261747,10.362527470261542,True
lift_and_cruse,cruise_78,0.8339603757682318,0.09379502649609175,7.5452885567017125,8.891307001261747,10.366653767432274,True
lift_and_cruse,cruise_79,0.8340057665874644,0.09379979391511825,7.54571063215215,8.891339008081156,10.366653767432274,True
lift_and_cruse,cruise_79,0.8340057665874644,0.09379979391511825,7.54571063215215,8.891339008081156,10.370780064603005,True
lift_and_cruse,cruise_79,0.8340057665874644,0.09379979391511825,7.54571063215215,8.891339008081156,10.382341692354826,True
lift_and_cruse,cruise_79,0.8340057665874644,0.09379979391511825,7.54571063215215,8.891339008081156,10.399048728517426,True
lift_and_cruse,cruise_79,0.8340057665874647,0.0937997939151183,7.545710632152154,8.891339008081154,10.417592139680455,True
lift_and_cruse,cruise_79,0.8340057665874646,0.09379979391511828,7.5457106321521525,8.891339008081156,10.434299175843055,True
lift_and_cruse,cruise_79,0.8340057665874644,0.09379979391511825,7.54571063215215,8.891339008081156,10.445860803594876,True
lift_and_cruse,cruise_79,0.8340057665874646,0.09379979391511828,7.5457106321521525,8.891339008081156,10.449987100765608,True
lift_and_cruse,cruise_80,0.834051330162806,0.09380457976995274,7.546134315570906,8.891371105848366,10.449987100765608,True
lift_and_cruse,cruise_80,0.8340513301628055,0.09380457976995271,7.546134315570902,8.891371105848364,10.45411339793634,True
lift_and_cruse,cruise_80,0.834051330162806,0.09380457976995274,7.546134315570906,8.891371105848366,10.46567502568816,True
lift_and_cruse,cruise_80,0.834051330162806,0.09380457976995274,7.546134315570906,8.891371105848366,10.48238206185076,True
lift_and_cruse,cruise_80,0.834051330162806,0.09380457976995274,7.546134315570906,8.891371105848366,10.500925473013787,True
lift_and_cruse,cruise_80,0.834051330162806,0.09380457976995274,7.546134315570906,8.891371105848366,10.517632509176389,True
lift_and_cruse,cruise_80,0.8340513301628055,0.09380457976995271,7.546134315570902,8.891371105848364,10.529194136928208,True
lift_and_cruse,cruise_80,0.834051330162806,0.09380457976995274,7.546134315570906,8.891371105848366,10.53332043409894,True
lift_and_cruse,cruise_81,0.8340970679131984,0.09380938421297688,7.546559620170329,8.891403295213356,10.53332043409894,True
lift_and_cruse,cruise_81,0.8340970679131986,0.09380938421297691,7.54655962017033,8.891403295213355,10.537446731269673,True
lift_and_cruse,cruise_81,0.8340970679131984,0.09380938421297688,7.546559620170329,8.891403295213356,10.549008359021492,True
lift_and_cruse,cruise_81,0.8340970679131984,0.09380938421297688,7.546559620170329,8.891403295213356,10.565715395184094,True
lift_and_cruse,cruise_81,0.8340970679131984,0.09380938421297688,7.546559620170329,8.891403295213356,10.58425880634712,True
lift_and_cruse,cruise_81,0.8340970679131984,0.09380938421297688,7.546559620170329,8.891403295213356,10.600965842509721,True
lift_and_cruse,cruise_81,0.8340970679131984,0.09380938421297688,7.546559620170329,8.891403295213356,10.612527470261542,True
lift_and_cruse,cruise_81,0.8340970679131986,0.09380938421297691,7.54655962017033,8.891403295213355,10.616653767432274,True
lift_and_cruse,cruise_82,0.834142981275625,0.0938142073985172,7.546986559330816,8.891435576833635,10.616653767432274,True
lift_and_cruse,cruise_82,0.834142981275625,0.0938142073985172,7.546986559330816,8.891435576833635,10.620780064603005,True
lift_and_cruse,cruise_82,0.8341429812756254,0.09381420739851723,7.546986559330818,8.891435576833636,10.632341692354826,True
lift_and_cruse,cruise_82,0.8341429812756254,0.09381420739851723,7.546986559330818,8.891435576833636,10.649048728517426,True
lift_and_cruse,cruise_82,0.8341429812756254,0.09381420739851723,7.546986559330818,8.891435576833636,10.667592139680455,True
lift_and_cruse,cruise_82,0.834142981275625,0.0938142073985172,7.546986559330816,8.891435576833635,10.684299175843055,True
lift_and_cruse,cruise_82,0.8341429812756255,0.09381420739851726,7.546986559330819,8.891435576833635,10.695860803594876,True
lift_and_cruse,cruise_82,0.8341429812756254,0.09381420739851723,7.546986559330818,8.891435576833636,10.699987100765608,True
lift_and_cruse,cruise_83,0.8341890717054228,0.09381904948287847,7.54741514660368,8.891467951374398,10.699987100765608,True
lift_and_cruse,cruise_83,0.8341890717054224,0.09381904948287839,7.547415146603677,8.891467951374402,10.70411339793634,True
lift_and_cruse,cruise_83,0.8341890717054224,0.09381904948287839,7.547415146603677,8.891467951374402,10.71567502568816,True
lift_and_cruse,cruise_83,0.8341890717054228,0.09381904948287847,7.54741514660368,8.891467951374398,10.73238206185076,True
lift_and_cruse,cruise_83,0.8341890717054228,0.09381904948287847,7.54741514660368,8.891467951374398,10.750925473013787,True
lift_and_cruse,cruise_83,0.834189071705423,0.0938190494828785,7.547415146603684,8.891467951374398,10.767632509176389,True
lift_and_cruse,cruise_83,0.8341890717054228,0.09381904948287847,7.54741514660368,8.891467951374398,10.779194136928208,True
lift_and_cruse,cruise_83,0.8341890717054228,0.09381904948287847,7.54741514660368,8.891467951374398,10.78332043409894,True
lift_and_cruse,cruise_84,0.8342353406766009,0.09382391062437831,7.547845395714164,8.89150041950864,10.78332043409894,True
lift_and_cruse,cruise_84,0.8342353406766009,0.09382391062437836,7.547845395714166,8.891500419508635,10.787446731269673,True
lift_and_cruse,cruise_84,0.8342353406766009,0.09382391062437836,7.547845395714166,8.891500419508635,10.799008359021492,True
lift_and_cruse,cruise_84,0.8342353406766009,0.09382391062437831,7.547845395714164,8.89150041950864,10.815715395184094,True
lift_and_cruse,cruise_84,0.8342353406766009,0.09382391062437831,7.547845395714164,8.89150041950864,10.83425880634712,True
lift_and_cruse,cruise_84,0.8342353406766009,0.09382391062437831,7.547845395714164,8.89150041950864,10.850965842509721,True
lift_and_cruse,cruise_84,0.8342353406766012,0.09382391062437836,7.547845395714168,8.891500419508638,10.862527470261542,True
lift_and_cruse,cruise_84,0.8342353406766012,0.09382391062437836,7.547845395714168,8.891500419508638,10.866653767432274,True
lift_and_cruse,cruise_85,0.8342817896821649,0.09382879098338245,7.548277320564421,8.89153298191725,10.866653767432274,True
lift_and_cruse,cruise_85,0.8342817896821653,0.09382879098338248,7.548277320564423,8.891532981917251,10.870780064603005,True
lift_and_cruse,cruise_85,0.8342817896821649,0.09382879098338245,7.548277320564421,8.89153298191725,10.882341692354826,True
lift_and_cruse,cruise_85,0.8342817896821653,0.09382879098338248,7.548277320564423,8.891532981917251,10.899048728517426,True
lift_and_cruse,cruise_85,0.8342817896821649,0.09382879098338245,7.548277320564421,8.89153298191725,10.917592139680455,True
lift_and_cruse,cruise_85,0.8342817896821649,0.09382879098338245,7.548277320564421,8.89153298191725,10.934299175843055,True
lift_and_cruse,cruise_85,0.8342817896821653,0.09382879098338248,7.548277320564423,8.891532981917251,10.945860803594876,True
lift_and_cruse,cruise_85,0.8342817896821649,0.09382879098338245,7.548277320564421,8.89153298191725,10.949987100765608,True
lift_and_cruse,cruise_86,0.8343284202344506,0.09383369072234046,7.548710935236645,8.891565639289183,10.949987100765608,True
lift_and_cruse,cruise_86,0.8343284202344506,0.09383369072234046,7.548710935236645,8.891565639289183,10.95411339793634,True
lift_and_cruse,cruise_86,0.8343284202344508,0.09383369072234049,7.548710935236647,8.891565639289182,10.96567502568816,True
lift_and_cruse,cruise_86,0.8343284202344508,0.09383369072234049,7.548710935236647,8.891565639289182,10.98238206185076,True
lift_and_cruse,cruise_86,0.8343284202344508,0.09383369072234049,7.548710935236647,8.891565639289182,11.000925473013787,True
lift_and_cruse,cruise_86,0.8343284202344508,0.09383369072234049,7.548710935236647,8.891565639289182,11.017632509176389,True
lift_and_cruse,cruise_86,0.8343284202344506,0.09383369072234046,7.548710935236645,8.891565639289183,11.029194136928208,True
lift_and_cruse,cruise_86,0.8343284202344512,0.09383369072234049,7.548710935236648,8.891565639289187,11.03332043409894,True
lift_and_cruse,cruise_87,0.8343752338654629,0.09383861000582258,7.549146253996225,8.891598392321571,11.03332043409894,True
lift_and_cruse,cruise_87,0.8343752338654629,0.09383861000582258,7.549146253996225,8.891598392321571,11.037446731269673,True
lift_and_cruse,cruise_87,0.8343752338654632,0.09383861000582261,7.549146253996229,8.891598392321571,11.049008359021492,True
lift_and_cruse,cruise_87,0.8343752338654632,0.09383861000582261,7.549146253996229,8.891598392321571,11.065715395184094,True
lift_and_cruse,cruise_87,0.8343752338654632,0.09383861000582261,7.549146253996229,8.891598392321571,11.08425880634712,True
lift_and_cruse,cruise_87,0.8343752338654632,0.09383861000582261,7.549146253996229,8.891598392321571,11.100965842509721,True
lift_and_cruse,cruise_87,0.8343752338654632,0.09383861000582261,7.549146253996229,8.891598392321571,11.112527470261542,True
lift_and_cruse,cruise_87,0.8343752338654632,0.09383861000582261,7.549146253996227,8.891598392321571,11.116653767432274,True
lift_and_cruse,cruise_88,0.834422232127225,0.09384354900055736,7.549583291294992,8.891631241719868,11.116653767432274,True
lift_and_cruse,cruise_88,0.834422232127225,0.09384354900055736,7.549583291294992,8.891631241719868,11.120780064603005,True
lift_and_cruse,cruise_88,0.834422232127225,0.09384354900055736,7.549583291294992,8.891631241719868,11.132341692354826,True
lift_and_cruse,cruise_88,0.8344222321272252,0.09384354900055739,7.5495832912949945,8.891631241719866,11.149048728517426,True
lift_and_cruse,cruise_88,0.834422232127225,0.09384354900055736,7.549583291294992,8.891631241719868,11.167592139680455,True
lift_and_cruse,cruise_88,0.834422232127225,0.09384354900055736,7.549583291294992,8.891631241719868,11.184299175843055,True
lift_and_cruse,cruise_88,0.834422232127225,0.09384354900055736,7.549583291294992,8.891631241719868,11.195860803594876,True
lift_and_cruse,cruise_88,0.834422232127225,0.09384354900055736,7.549583291294992,8.891631241719868,11.199987100765608,True
lift_and_cruse,cruise_89,0.8344694165921315,0.09384850787546994,7.550022061774515,8.891664188197971,11.199987100765608,True
lift_and_cruse,cruise_89,0.8344694165921323,0.09384850787546997,7.55002206177452,8.891664188197979,11.20411339793634,True
lift_and_cruse,cruise_89,0.8344694165921318,0.09384850787546997,7.550022061774516,8.891664188197973,11.21567502568816,True
lift_and_cruse,cruise_89,0.8344694165921315,0.09384850787546992,7.550022061774513,8.891664188197975,11.23238206185076,True
lift_and_cruse,cruise_89,0.8344694165921315,0.09384850787546992,7.550022061774513,8.891664188197975,11.250925473013787,True
lift_and_cruse,cruise_89,0.8344694165921318,0.09384850787546997,7.550022061774516,8.891664188197973,11.267632509176389,True
lift_and_cruse,cruise_89,0.8344694165921318,0.09384850787546997,7.550022061774516,8.891664188197973,11.279194136928208,True
lift_and_cruse,cruise_89,0.8344694165921318,0.09384850787546997,7.550022061774516,8.891664188197973,11.28332043409894,True
lift_and_cruse,cruise_90,0.8345167888533146,0.09385348680172156,7.550462580269508,8.89169723247839,11.28332043409894,True
lift_and_cruse,cruise_90,0.8345167888533146,0.09385348680172156,7.550462580269508,8.89169723247839,11.287446731269673,True
lift_and_cruse,cruise_90,0.8345167888533144,0.09385348680172151,7.550462580269504,8.891697232478391,11.299008359021492,True
lift_and_cruse,cruise_90,0.8345167888533144,0.09385348680172151,7.550462580269504,8.891697232478391,11.315715395184094,True
lift_and_cruse,cruise_90,0.8345167888533144,0.09385348680172151,7.550462580269504,8.891697232478391,11.33425880634712,True
lift_and_cruse,cruise_90,0.8345167888533146,0.09385348680172156,7.550462580269508,8.89169723247839,11.350965842509721,True
lift_and_cruse,cruise_90,0.8345167888533146,0.09385348680172156,7.550462580269508,8.89169723247839,11.362527470261542,True
lift_and_cruse,cruise_90,0.8345167888533146,0.09385348680172156,7.550462580269508,8.89169723247839,11.366653767432274,True
lift_and_cruse,cruise_91,0.8345643505250117,0.09385848595274929,7.550904861811252,8.891730375292354,11.366653767432274,True
lift_and_cruse,cruise_91,0.8345643505250121,0.09385848595274932,7.550904861811255,8.891730375292358,11.370780064603005,True
lift_and_cruse,cruise_91,0.8345643505250121,0.09385848595274932,7.550904861811255,8.891730375292358,11.382341692354826,True
lift_and_cruse,cruise_91,0.8345643505250121,0.09385848595274932,7.550904861811255,8.891730375292358,11.399048728517426,True
lift_and_cruse,cruise_91,0.8345643505250121,0.09385848595274932,7.550904861811255,8.891730375292358,11.417592139680455,True
lift_and_cruse,cruise_91,0.8345643505250124,0.09385848595274934,7.550904861811257,8.891730375292358,11.434299175843055,True
lift_and_cruse,cruise_91,0.8345643505250121,0.09385848595274932,7.550904861811255,8.891730375292358,11.445860803594876,True
lift_and_cruse,cruise_91,0.8345643505250124,0.09385848595274934,7.550904861811257,8.891730375292358,11.449987100765608,True
lift_and_cruse,cruise_92,0.8346121032429504,0.09386350550430772,7.551348921631191,8.891763617379997,11.449987100765608,True
lift_and_cruse,cruise_92,0.8346121032429504,0.09386350550430772,7.551348921631191,8.891763617379997,11.45411339793634,True
lift_and_cruse,cruise_92,0.8346121032429504,0.09386350550430772,7.551348921631191,8.891763617379997,11.46567502568816,True
lift_and_cruse,cruise_92,0.8346121032429501,0.09386350550430769,7.55134892163119,8.891763617379995,11.48238206185076,True
lift_and_cruse,cruise_92,0.8346121032429504,0.09386350550430772,7.551348921631191,8.891763617379997,11.500925473013787,True
lift_and_cruse,cruise_92,0.8346121032429504,0.09386350550430772,7.551348921631191,8.891763617379997,11.517632509176389,True
lift_and_cruse,cruise_92,0.8346121032429504,0.09386350550430772,7.551348921631191,8.891763617379997,11.529194136928208,True
lift_and_cruse,cruise_92,0.83461210324295,0.09386350550430766,7.551348921631186,8.891763617379997,11.53332043409894,True
lift_and_cruse,cruise_93,0.8346600486647331,0.09386854563451041,7.551794775164501,8.89179695949048,11.53332043409894,True
lift_and_cruse,cruise_93,0.8346600486647331,0.09386854563451041,7.551794775164501,8.89179695949048,11.537446731269673,True
lift_and_cruse,cruise_93,0.8346600486647324,0.09386854563451039,7.551794775164498,8.891796959490476,11.549008359021492,True
lift_and_cruse,cruise_93,0.8346600486647331,0.09386854563451041,7.551794775164501,8.89179695949048,11.565715395184094,True
lift_and_cruse,cruise_93,0.8346600486647331,0.09386854563451041,7.551794775164501,8.89179695949048,11.58425880634712,True
lift_and_cruse,cruise_93,0.8346600486647324,0.09386854563451039,7.551794775164498,8.891796959490476,11.600965842509721,True
lift_and_cruse,cruise_93,0.8346600486647324,0.09386854563451039,7.551794775164498,8.891796959490476,11.612527470261542,True
lift_and_cruse,cruise_93,0.8346600486647331,0.09386854563451041,7.551794775164501,8.89179695949048,11.616653767432274,True
lift_and_cruse,cruise_94,0.8347081884702349,0.09387360652387328,7.552242438053824,8.89183040238214,11.616653767432274,True
lift_and_cruse,cruise_94,0.8347081884702349,0.09387360652387328,7.552242438053824,8.89183040238214,11.620780064603005,True
lift_and_cruse,cruise_94,0.8347081884702349,0.09387360652387328,7.552242438053824,8.89183040238214,11.632341692354826,True
lift_and_cruse,cruise_94,0.8347081884702351,0.0938736065238733,7.5522424380538276,8.89183040238214,11.649048728517426,True
lift_and_cruse,cruise_94,0.8347081884702351,0.0938736065238733,7.5522424380538276,8.89183040238214,11.667592139680455,True
lift_and_cruse,cruise_94,0.8347081884702349,0.09387360652387328,7.552242438053824,8.89183040238214,11.684299175843055,True
lift_and_cruse,cruise_94,0.8347081884702351,0.0938736065238733,7.5522424380538276,8.89183040238214,11.695860803594876,True
lift_and_cruse,cruise_94,0.8347081884702349,0.09387360652387328,7.552242438053824,8.89183040238214,11.699987100765608,True
lift_and_cruse,cruise_95,0.8347565243620122,0.09387868835535806,7.552691926153019,8.891863946822697,11.699987100765608,True
lift_and_cruse,cruise_95,0.8347565243620131,0.09387868835535818,7.552691926153027,8.891863946822697,11.70411339793634,True
lift_and_cruse,cruise_95,0.8347565243620134,0.09387868835535823,7.552691926153032,8.891863946822696,11.71567502568816,True
lift_and_cruse,cruise_95,0.8347565243620131,0.09387868835535818,7.552691926153027,8.891863946822697,11.73238206185076,True
lift_and_cruse,cruise_95,0.8347565243620132,0.0938786883553582,7.552691926153031,8.891863946822696,11.750925473013787,True
lift_and_cruse,cruise_95,0.8347565243620123,0.09387868835535812,7.552691926153024,8.891863946822694,11.767632509176389,True
lift_and_cruse,cruise_95,0.8347565243620131,0.09387868835535818,7.552691926153027,8.891863946822697,11.779194136928208,True
lift_and_cruse,cruise_95,0.8347565243620122,0.09387868835535812,7.552691926153023,8.891863946822692,11.78332043409894,True
lift_and_cruse,cruise_96,0.8348050580657119,0.09388379131441743,7.5531432555310465,8.891897593589338,11.78332043409894,True
lift_and_cruse,cruise_96,0.8348050580656943,0.09388379131441565,7.553143255530883,8.891897593589318,11.787446731269673,True
lift_and_cruse,cruise_96,0.8348050580657205,0.09388379131441832,7.553143255531126,8.891897593589345,11.799008359021492,True
lift_and_cruse,cruise_96,0.8348050580656853,0.09388379131441471,7.553143255530799,8.891897593589311,11.815715395184094,True
lift_and_cruse,cruise_96,0.8348050580657206,0.09388379131441829,7.553143255531125,8.891897593589349,11.83425880634712,True
lift_and_cruse,cruise_96,0.8348050580657206,0.09388379131441829,7.553143255531125,8.891897593589349,11.850965842509721,True
lift_and_cruse,cruise_96,0.8348050580657205,0.09388379131441832,7.553143255531126,8.891897593589345,11.862527470261542,True
lift_and_cruse,cruise_96,0.8348050580656827,0.09388379131441449,7.553143255530777,8.891897593589306,11.866653767432274,True
lift_and_cruse,cruise_97,0.834853791330523,0.09388891558904305,7.553596442476111,8.891931343468956,11.866653767432274,True
lift_and_cruse,cruise_97,0.8348537913305327,0.09388891558904405,7.553596442476201,8.891931343468965,11.870780064603005,True
lift_and_cruse,cruise_97,0.8348537913305327,0.09388891558904405,7.553596442476201,8.891931343468965,11.882341692354826,True
lift_and_cruse,cruise_97,0.8348537913305327,0.09388891558904405,7.553596442476201,8.891931343468965,11.899048728517426,True
lift_and_cruse,cruise_97,0.8348537913305325,0.09388891558904403,7.5535964424762,8.891931343468965,11.917592139680455,True
lift_and_cruse,cruise_97,0.8348537913305256,0.09388891558904336,7.553596442476138,8.891931343468954,11.934299175843055,True
lift_and_cruse,cruise_97,0.8348537913305325,0.09388891558904403,7.5535964424762,8.891931343468965,11.945860803594876,True
lift_and_cruse,cruise_97,0.8348537913305325,0.09388891558904403,7.5535964424762,8.891931343468965,11.949987100765608,True
lift_and_cruse,cruise_98,0.8349027259295834,0.09389406136981002,7.554051503499489,8.891965197258276,11.949987100765608,True
lift_and_cruse,cruise_98,0.8349027259295834,0.09389406136981002,7.554051503499489,8.891965197258276,11.95411339793634,True
lift_and_cruse,cruise_98,0.8349027259295371,0.0938940613698053,7.554051503499062,8.89196519725823,11.96567502568816,True
lift_and_cruse,cruise_98,0.8349027259295834,0.09389406136981002,7.554051503499489,8.891965197258276,11.98238206185076,True
lift_and_cruse,cruise_98,0.834902725929583,0.09389406136980999,7.554051503499487,8.891965197258275,12.000925473013787,True
lift_and_cruse,cruise_98,0.834902725929583,0.09389406136980999,7.554051503499487,8.891965197258275,12.017632509176389,True
lift_and_cruse,cruise_98,0.8349027259295382,0.09389406136980541,7.554051503499072,8.89196519725823,12.029194136928208,True
lift_and_cruse,cruise_98,0.834902725929583,0.09389406136980999,7.554051503499487,8.891965197258275,12.03332043409894,True
lift_and_cruse,cruise_99,0.8349518636604074,0.0938992288499233,7.554508455339508,8.891999155763987,12.03332043409894,True
lift_and_cruse,cruise_99,0.8349518636604076,0.09389922884992333,7.554508455339509,8.891999155763987,12.037446731269673,True
lift_and_cruse,cruise_99,0.8349518636603921,0.09389922884992169,7.554508455339363,8.891999155763976,12.049008359021492,True
lift_and_cruse,cruise_99,0.8349518636604079,0.09389922884992333,7.55450845533951,8.891999155763989,12.065715395184094,True
lift_and_cruse,cruise_99,0.8349518636604074,0.0938992288499233,7.554508455339508,8.891999155763987,12.08425880634712,True
lift_and_cruse,cruise_99,0.8349518636604076,0.09389922884992333,7.554508455339509,8.891999155763987,12.100965842509721,True
lift_and_cruse,cruise_99,0.8349518636604027,0.0938992288499228,7.554508455339463,8.891999155763985,12.112527470261542,True
lift_and_cruse,cruise_99,0.8349518636603885,0.09389922884992138,7.5545084553393345,8.891999155763967,12.116653767432274,True
lift_and_cruse,cruise_100,0.835001206345404,0.09390441822527293,7.554967314966344,8.89203321980303,12.116653767432274,True
lift_and_cruse,cruise_100,0.8350012063454065,0.09390441822527323,7.55496731496637,8.892033219803029,12.120780064603005,True
lift_and_cruse,cruise_100,0.8350012063454062,0.09390441822527318,7.554967314966366,8.89203321980303,12.132341692354826,True
lift_and_cruse,cruise_100,0.8350012063454062,0.09390441822527318,7.554967314966366,8.89203321980303,12.149048728517426,True
lift_and_cruse,cruise_100,0.8350012063454062,0.09390441822527318,7.554967314966366,8.89203321980303,12.167592139680455,True
lift_and_cruse,cruise_100,0.8350012063454044,0.09390441822527298,7.554967314966347,8.892033219803029,12.184299175843055,True
lift_and_cruse,cruise_100,0.8350012063454065,0.09390441822527323,7.55496731496637,8.892033219803029,12.195860803594876,True
lift_and_cruse,cruise_100,0.8350012063454062,0.09390441822527318,7.554967314966366,8.89203321980303,12.199987100765608,True
lift_and_cruse,cruise_101,0.835050755832297,0.09390962969448044,7.555428099585986,8.892067390202662,12.199987100765608,True
lift_and_cruse,cruise_101,0.8350507558322995,0.09390962969448069,7.555428099586008,8.892067390202664,12.20411339793634,True
lift_and_cruse,cruise_101,0.8350507558322524,0.09390962969447589,7.5554280995855745,8.892067390202618,12.21567502568816,True
lift_and_cruse,cruise_101,0.8350507558322835,0.09390962969447908,7.555428099585864,8.892067390202646,12.23238206185076,True
lift_and_cruse,cruise_101,0.8350507558322993,0.09390962969448066,7.555428099586007,8.892067390202664,12.250925473013787,True
lift_and_cruse,cruise_101,0.8350507558323028,0.09390962969448105,7.55542809958604,8.892067390202666,12.267632509176389,True
lift_and_cruse,cruise_101,0.8350507558323029,0.09390962969448105,7.555428099586042,8.892067390202666,12.279194136928208,True
lift_and_cruse,cruise_101,0.8350507558323009,0.09390962969448083,7.555428099586021,8.892067390202666,12.28332043409894,True
lift_and_cruse,cruise_102,0.8351005139946296,0.09391486345895272,7.555890826644889,8.892101667800711,12.28332043409894,True
lift_and_cruse,cruise_102,0.83510051399463,0.09391486345895278,7.555890826644893,8.892101667800711,12.287446731269673,True
lift_and_cruse,cruise_102,0.8351005139946295,0.0939148634589527,7.555890826644887,8.892101667800713,12.299008359021492,True
lift_and_cruse,cruise_102,0.83510051399463,0.09391486345895278,7.555890826644893,8.892101667800711,12.315715395184094,True
lift_and_cruse,cruise_102,0.8351005139946296,0.09391486345895272,7.555890826644889,8.892101667800711,12.33425880634712,True
lift_and_cruse,cruise_102,0.8351005139946296,0.09391486345895272,7.555890826644889,8.892101667800711,12.350965842509721,True
lift_and_cruse,cruise_102,0.8351005139946295,0.0939148634589527,7.555890826644887,8.892101667800713,12.362527470261542,True
lift_and_cruse,cruise_102,0.8351005139946296,0.09391486345895272,7.555890826644889,8.892101667800711,12.366653767432274,True
lift_and_cruse,cruise_103,0.8351504827322143,0.09392011972293116,7.556355513834188,8.892136053445716,12.366653767432274,True
lift_and_cruse,cruise_103,0.8351504827322146,0.09392011972293116,7.556355513834189,8.89213605344572,12.370780064603005,True
lift_and_cruse,cruise_103,0.8351504827322147,0.09392011972293121,7.556355513834193,8.892136053445716,12.382341692354826,True
lift_and_cruse,cruise_103,0.8351504827322147,0.09392011972293121,7.556355513834193,8.892136053445716,12.399048728517426,True
lift_and_cruse,cruise_103,0.8351504827322146,0.09392011972293118,7.556355513834191,8.892136053445718,12.417592139680455,True
lift_and_cruse,cruise_103,0.8351504827322146,0.09392011972293118,7.556355513834191,8.892136053445718,12.434299175843055,True
lift_and_cruse,cruise_103,0.8351504827322146,0.09392011972293116,7.556355513834189,8.89213605344572,12.445860803594876,True
lift_and_cruse,cruise_103,0.8351504827322146,0.09392011972293118,7.556355513834191,8.892136053445718,12.449987100765608,True
lift_and_cruse,cruise_104,0.8352006639716825,0.09392539869355063,7.556822179094821,8.892170547997168,12.449987100765608,True
lift_and_cruse,cruise_104,0.8352006639716825,0.09392539869355063,7.556822179094821,8.892170547997168,12.45411339793634,True
lift_and_cruse,cruise_104,0.8352006639716825,0.09392539869355063,7.556822179094821,8.892170547997168,12.46567502568816,True
lift_and_cruse,cruise_104,0.8352006639716824,0.09392539869355063,7.55682217909482,8.892170547997166,12.48238206185076,True
lift_and_cruse,cruise_104,0.8352006639716821,0.0939253986935506,7.556822179094817,8.892170547997166,12.500925473013787,True
lift_and_cruse,cruise_104,0.8352006639716821,0.0939253986935506,7.556822179094817,8.892170547997166,12.517632509176389,True
lift_and_cruse,cruise_104,0.8352006639716824,0.09392539869355063,7.55682217909482,8.892170547997166,12.529194136928208,True
lift_and_cruse,cruise_104,0.8352006639716824,0.09392539869355063,7.55682217909482,8.892170547997166,12.53332043409894,True
lift_and_cruse,cruise_105,0.83525105966697,0.09393070058089242,7.5572908406220405,8.892205152325655,12.53332043409894,True
lift_and_cruse,cruise_105,0.8352510596669694,0.09393070058089237,7.557290840622037,8.892205152325655,12.537446731269673,True
lift_and_cruse,cruise_105,0.83525105966697,0.09393070058089242,7.5572908406220405,8.892205152325655,12.549008359021492,True
lift_and_cruse,cruise_105,0.83525105966697,0.09393070058089242,7.5572908406220405,8.892205152325655,12.565715395184094,True
lift_and_cruse,cruise_105,0.8352510596669694,0.09393070058089237,7.557290840622037,8.892205152325655,12.58425880634712,True
lift_and_cruse,cruise_105,0.83525105966697,0.09393070058089242,7.5572908406220405,8.892205152325655,12.600965842509721,True
lift_and_cruse,cruise_105,0.83525105966697,0.09393070058089242,7.5572908406220405,8.892205152325655,12.612527470261542,True
lift_and_cruse,cruise_105,0.8352510596669702,0.09393070058089245,7.557290840622043,8.892205152325655,12.616653767432274,True
lift_and_cruse,cruise_106,0.8353016717998523,0.09393602559804198,7.557761516870404,8.892239867313094,12.616653767432274,True
lift_and_cruse,cruise_106,0.8353016717998523,0.09393602559804201,7.557761516870405,8.89223986731309,12.620780064603005,True
lift_and_cruse,cruise_106,0.8353016717998523,0.09393602559804198,7.557761516870404,8.892239867313094,12.632341692354826,True
lift_and_cruse,cruise_106,0.8353016717998523,0.09393602559804198,7.557761516870404,8.892239867313094,12.649048728517426,True
lift_and_cruse,cruise_106,0.8353016717998523,0.09393602559804198,7.557761516870404,8.892239867313094,12.667592139680455,True
lift_and_cruse,cruise_106,0.8353016717998519,0.09393602559804198,7.557761516870401,8.89223986731309,12.684299175843055,True
lift_and_cruse,cruise_106,0.8353016717998523,0.09393602559804201,7.557761516870405,8.89223986731309,12.695860803594876,True
lift_and_cruse,cruise_106,0.8353016717998523,0.09393602559804198,7.557761516870404,8.892239867313094,12.699987100765608,True
lift_and_cruse,cruise_107,0.8353525023804814,0.09394137396114699,7.558234226558781,8.892274693852924,12.699987100765608,True
lift_and_cruse,cruise_107,0.8353525023804813,0.09394137396114696,7.558234226558779,8.892274693852926,12.70411339793634,True
lift_and_cruse,cruise_107,0.8353525023804813,0.09394137396114696,7.558234226558779,8.892274693852926,12.71567502568816,True
lift_and_cruse,cruise_107,0.8353525023804819,0.09394137396114702,7.558234226558784,8.892274693852926,12.73238206185076,True
lift_and_cruse,cruise_107,0.8353525023804819,0.09394137396114702,7.558234226558784,8.892274693852926,12.750925473013787,True
lift_and_cruse,cruise_107,0.8353525023804814,0.09394137396114699,7.558234226558781,8.892274693852924,12.767632509176389,True
lift_and_cruse,cruise_107,0.8353525023804814,0.09394137396114699,7.558234226558781,8.892274693852924,12.779194136928208,True
lift_and_cruse,cruise_107,0.8353525023804814,0.09394137396114699,7.558234226558781,8.892274693852924,12.78332043409894,True
lift_and_cruse,cruise_108,0.835403553447937,0.09394674588947682,7.558708988675475,8.892309632850331,12.78332043409894,True
lift_and_cruse,cruise_108,0.835403553447937,0.09394674588947682,7.558708988675475,8.892309632850331,12.787446731269673,True
lift_and_cruse,cruise_108,0.835403553447937,0.09394674588947682,7.558708988675475,8.892309632850331,12.799008359021492,True
lift_and_cruse,cruise_108,0.835403553447937,0.09394674588947682,7.558708988675475,8.892309632850331,12.815715395184094,True
lift_and_cruse,cruise_108,0.835403553447937,0.09394674588947682,7.558708988675475,8.892309632850331,12.83425880634712,True
lift_and_cruse,cruise_108,0.8354035534479368,0.0939467458894768,7.558708988675473,8.892309632850331,12.850965842509721,True
lift_and_cruse,cruise_108,0.835403553447937,0.09394674588947682,7.558708988675475,8.892309632850331,12.862527470261542,True
lift_and_cruse,cruise_108,0.835403553447937,0.09394674588947682,7.558708988675475,8.892309632850331,12.866653767432274,True
lift_and_cruse,cruise_109,0.8354548270707961,0.09395214160548448,7.559185822483545,8.89234468522244,12.866653767432274,True
lift_and_cruse,cruise_109,0.8354548270707957,0.09395214160548446,7.559185822483542,8.892344685222438,12.870780064603005,True
lift_and_cruse,cruise_109,0.8354548270707961,0.09395214160548448,7.559185822483545,8.89234468522244,12.882341692354826,True
lift_and_cruse,cruise_109,0.8354548270707957,0.09395214160548446,7.559185822483542,8.892344685222438,12.899048728517426,True
lift_and_cruse,cruise_109,0.8354548270707961,0.09395214160548448,7.559185822483545,8.89234468522244,12.917592139680453,True
lift_and_cruse,cruise_109,0.8354548270707957,0.09395214160548446,7.559185822483542,8.892344685222438,12.934299175843055,True
lift_and_cruse,cruise_109,0.8354548270707957,0.09395214160548446,7.559185822483542,8.892344685222438,12.945860803594876,True
lift_and_cruse,cruise_109,0.8354548270707961,0.09395214160548448,7.559185822483545,8.89234468522244,12.949987100765608,True
lift_and_cruse,cruise_110,0.8355063253477096,0.09395756133486896,7.5596647475261625,8.892379851898536,12.949987100765608,True
lift_and_cruse,cruise_110,0.8355063253477096,0.09395756133486896,7.5596647475261625,8.892379851898536,12.95411339793634,True
lift_and_cruse,cruise_110,0.8355063253477092,0.09395756133486893,7.55966474752616,8.892379851898534,12.965675025688158,True
lift_and_cruse,cruise_110,0.8355063253477095,0.09395756133486896,7.559664747526161,8.892379851898534,12.98238206185076,True
lift_and_cruse,cruise_110,0.8355063253477095,0.09395756133486896,7.559664747526161,8.892379851898534,13.000925473013787,True
lift_and_cruse,cruise_110,0.8355063253477096,0.09395756133486896,7.5596647475261625,8.892379851898536,13.017632509176389,True
lift_and_cruse,cruise_110,0.8355063253477096,0.09395756133486896,7.5596647475261625,8.892379851898536,13.029194136928208,True
lift_and_cruse,cruise_110,0.8355063253477092,0.09395756133486893,7.55966474752616,8.892379851898534,13.03332043409894,True
lift_and_cruse,cruise_111,0.8355580504079979,0.09396300530663926,7.560145783632172,8.89241513382032,13.03332043409894,True
lift_and_cruse,cruise_111,0.8355580504079978,0.09396300530663926,7.560145783632171,8.892415133820318,13.037446731269673,True
lift_and_cruse,cruise_111,0.8355580504079978,0.09396300530663926,7.560145783632171,8.892415133820318,13.049008359021492,True
lift_and_cruse,cruise_111,0.8355580504079979,0.09396300530663926,7.560145783632172,8.89241513382032,13.065715395184094,True
lift_and_cruse,cruise_111,0.8355580504079979,0.09396300530663926,7.560145783632172,8.89241513382032,13.08425880634712,True
lift_and_cruse,cruise_111,0.8355580504079979,0.09396300530663926,7.560145783632172,8.89241513382032,13.100965842509721,True
lift_and_cruse,cruise_111,0.8355580504079979,0.09396300530663926,7.560145783632172,8.89241513382032,13.112527470261542,True
lift_and_cruse,cruise_111,0.8355580504079978,0.09396300530663926,7.560145783632171,8.892415133820318,13.116653767432274,True
lift_and_cruse,cruise_112,0.8356100044122624,0.09396847375318118,7.560628950921782,8.89245053194209,13.116653767432274,True
lift_and_cruse,cruise_112,0.8356100044122624,0.09396847375318118,7.560628950921782,8.89245053194209,13.120780064603005,True
lift_and_cruse,cruise_112,0.8356100044122622,0.09396847375318115,7.56062895092178,8.89245053194209,13.132341692354826,True
lift_and_cruse,cruise_112,0.8356100044122622,0.09396847375318115,7.56062895092178,8.89245053194209,13.149048728517426,True
lift_and_cruse,cruise_112,0.8356100044122621,0.09396847375318115,7.560628950921777,8.89245053194209,13.167592139680453,True
lift_and_cruse,cruise_112,0.8356100044122622,0.09396847375318115,7.56062895092178,8.89245053194209,13.184299175843055,True
lift_and_cruse,cruise_112,0.8356100044122624,0.09396847375318118,7.560628950921782,8.89245053194209,13.195860803594876,True
lift_and_cruse,cruise_112,0.8356100044122624,0.09396847375318118,7.560628950921782,8.89245053194209,13.199987100765608,True
lift_and_cruse,cruise_113,0.8356621895530062,0.09397396691032392,7.561114269812346,8.892486047231033,13.199987100765608,True
lift_and_cruse,cruise_113,0.8356621895530064,0.09397396691032395,7.5611142698123475,8.892486047231031,13.20411339793634,True
lift_and_cruse,cruise_113,0.8356621895530065,0.09397396691032395,7.561114269812349,8.892486047231033,13.215675025688158,True
lift_and_cruse,cruise_113,0.8356621895530062,0.09397396691032392,7.561114269812346,8.892486047231033,13.23238206185076,True
lift_and_cruse,cruise_113,0.8356621895530062,0.09397396691032392,7.561114269812344,8.892486047231033,13.250925473013787,True
lift_and_cruse,cruise_113,0.8356621895530062,0.09397396691032392,7.561114269812346,8.892486047231033,13.267632509176389,True
lift_and_cruse,cruise_113,0.835662189553006,0.09397396691032389,7.561114269812343,8.892486047231033,13.279194136928208,True
lift_and_cruse,cruise_113,0.8356621895530062,0.09397396691032392,7.561114269812344,8.892486047231033,13.28332043409894,True
lift_and_cruse,cruise_114,0.835714608055277,0.09397948501741005,7.561601761024352,8.89252168066741,13.28332043409894,True
lift_and_cruse,cruise_114,0.8357146080552774,0.09397948501741007,7.561601761024356,8.892521680667413,13.287446731269673,True
lift_and_cruse,cruise_114,0.835714608055277,0.09397948501741005,7.561601761024352,8.89252168066741,13.299008359021492,True
lift_and_cruse,cruise_114,0.8357146080552774,0.09397948501741007,7.561601761024356,8.892521680667413,13.315715395184094,True
lift_and_cruse,cruise_114,0.8357146080552771,0.09397948501741007,7.561601761024354,8.892521680667409,13.33425880634712,True
lift_and_cruse,cruise_114,0.8357146080552766,0.09397948501741002,7.561601761024351,8.89252168066741,13.350965842509721,True
lift_and_cruse,cruise_114,0.8357146080552774,0.09397948501741007,7.561601761024356,8.892521680667413,13.362527470261542,True
lift_and_cruse,cruise_114,0.8357146080552776,0.0939794850174101,7.561601761024357,8.892521680667413,13.366653767432274,True
lift_and_cruse,cruise_115,0.8357672621773273,0.09398502831736677,7.562091445587583,8.892557433244848,13.366653767432274,True
lift_and_cruse,cruise_115,0.835767262177327,0.09398502831736671,7.56209144558758,8.89255743324485,13.370780064603005,True
lift_and_cruse,cruise_115,0.835767262177327,0.09398502831736671,7.562091445587582,8.89255743324485,13.382341692354826,True
lift_and_cruse,cruise_115,0.835767262177327,0.09398502831736671,7.56209144558758,8.89255743324485,13.399048728517426,True
lift_and_cruse,cruise_115,0.8357672621773273,0.0939850283173668,7.562091445587585,8.892557433244844,13.417592139680453,True
lift_and_cruse,cruise_115,0.835767262177327,0.09398502831736671,7.562091445587582,8.89255743324485,13.434299175843055,True
lift_and_cruse,cruise_115,0.835767262177327,0.09398502831736671,7.56209144558758,8.89255743324485,13.445860803594876,True
lift_and_cruse,cruise_115,0.835767262177327,0.09398502831736671,7.56209144558758,8.89255743324485,13.449987100765608,True
lift_and_cruse,cruise_116,0.8358201542112786,0.09399059705677787,7.562583344847287,8.892593305970555,13.449987100765608,True
lift_and_cruse,cruise_116,0.8358201542112786,0.09399059705677784,7.562583344847285,8.892593305970557,13.45411339793634,True
lift_and_cruse,cruise_116,0.8358201542112786,0.09399059705677784,7.562583344847285,8.892593305970557,13.465675025688158,True
lift_and_cruse,cruise_116,0.8358201542112786,0.09399059705677784,7.562583344847285,8.892593305970557,13.48238206185076,True
lift_and_cruse,cruise_116,0.8358201542112786,0.09399059705677787,7.562583344847287,8.892593305970555,13.500925473013787,True
lift_and_cruse,cruise_116,0.8358201542112784,0.09399059705677784,7.562583344847283,8.892593305970555,13.517632509176389,True
lift_and_cruse,cruise_116,0.8358201542112786,0.09399059705677787,7.562583344847287,8.892593305970555,13.529194136928208,True
lift_and_cruse,cruise_116,0.835820154211278,0.09399059705677781,7.5625833448472815,8.892593305970554,13.53332043409894,True
lift_and_cruse,cruise_117,0.8358732864838229,0.09399619148595947,7.56307748047072,8.892629299865623,13.53332043409894,True
lift_and_cruse,cruise_117,0.8358732864838229,0.09399619148595947,7.56307748047072,8.892629299865623,13.537446731269673,True
lift_and_cruse,cruise_117,0.8358732864838225,0.09399619148595945,7.563077480470718,8.892629299865622,13.549008359021492,True
lift_and_cruse,cruise_117,0.8358732864838229,0.09399619148595947,7.56307748047072,8.892629299865623,13.565715395184094,True
lift_and_cruse,cruise_117,0.8358732864838229,0.09399619148595947,7.56307748047072,8.892629299865623,13.58425880634712,True
lift_and_cruse,cruise_117,0.8358732864838229,0.09399619148595947,7.56307748047072,8.892629299865623,13.600965842509721,True
lift_and_cruse,cruise_117,0.8358732864838225,0.09399619148595945,7.563077480470718,8.892629299865622,13.612527470261542,True
lift_and_cruse,cruise_117,0.8358732864838231,0.09399619148595947,7.563077480470722,8.892629299865625,13.616653767432274,True
lift_and_cruse,cruise_118,0.8359266613569005,0.09400181185903392,7.563573874453476,8.892665415965224,13.616653767432274,True
lift_and_cruse,cruise_118,0.8359266613569245,0.09400181185903639,7.563573874453699,8.892665415965245,13.620780064603005,True
lift_and_cruse,cruise_118,0.8359266613569248,0.09400181185903644,7.563573874453702,8.892665415965244,13.632341692354826,True
lift_and_cruse,cruise_118,0.8359266613569245,0.09400181185903639,7.563573874453699,8.892665415965245,13.649048728517426,True
lift_and_cruse,cruise_118,0.8359266613569245,0.09400181185903639,7.563573874453699,8.892665415965245,13.667592139680453,True
lift_and_cruse,cruise_118,0.8359266613569245,0.09400181185903639,7.563573874453699,8.892665415965245,13.684299175843055,True
lift_and_cruse,cruise_118,0.8359266613569253,0.09400181185903644,7.563573874453705,8.892665415965247,13.695860803594876,True
lift_and_cruse,cruise_118,0.8359266613569248,0.09400181185903644,7.563573874453702,8.892665415965244,13.699987100765608,True
lift_and_cruse,cruise_119,0.8359802812285514,0.09400745843402081,7.564072549127387,8.892701655319026,13.699987100765608,True
lift_and_cruse,cruise_119,0.8359802812285517,0.09400745843402084,7.564072549127388,8.892701655319026,13.70411339793634,True
lift_and_cruse,cruise_119,0.8359802812285514,0.09400745843402081,7.564072549127387,8.892701655319026,13.715675025688158,True
lift_and_cruse,cruise_119,0.8359802812285514,0.09400745843402081,7.564072549127387,8.892701655319026,13.73238206185076,True
lift_and_cruse,cruise_119,0.8359802812285517,0.09400745843402084,7.564072549127388,8.892701655319026,13.750925473013787,True
lift_and_cruse,cruise_119,0.8359802812285514,0.09400745843402081,7.564072549127387,8.892701655319026,13.767632509176389,True
lift_and_cruse,cruise_119,0.8359802812285518,0.09400745843402086,7.564072549127392,8.892701655319026,13.779194136928208,True
lift_and_cruse,cruise_119,0.8359802812285517,0.09400745843402084,7.564072549127388,8.892701655319026,13.78332043409894,True
lift_and_cruse,cruise_120,0.8360341485334182,0.09401313147289309,7.564573527165238,8.892738018991238,13.78332043409894,True
lift_and_cruse,cruise_120,0.8360341485334182,0.09401313147289309,7.564573527165238,8.892738018991238,13.787446731269673,True
lift_and_cruse,cruise_120,0.8360341485334185,0.09401313147289311,7.5645735271652415,8.89273801899124,13.799008359021492,True
lift_and_cruse,cruise_120,0.8360341485334185,0.09401313147289311,7.5645735271652415,8.89273801899124,13.815715395184094,True
lift_and_cruse,cruise_120,0.8360341485334182,0.09401313147289309,7.564573527165238,8.892738018991238,13.83425880634712,True
lift_and_cruse,cruise_120,0.8360341485334185,0.09401313147289311,7.5645735271652415,8.89273801899124,13.850965842509721,True
lift_and_cruse,cruise_120,0.8360341485334182,0.09401313147289309,7.564573527165238,8.892738018991238,13.862527470261542,True
lift_and_cruse,cruise_120,0.8360341485334185,0.09401313147289311,7.5645735271652415,8.89273801899124,13.866653767432274,True
lift_and_cruse,cruise_121,0.836088265743755,0.09401883124168467,7.565076831590149,8.892774508061132,13.866653767432274,True
lift_and_cruse,cruise_121,0.836088265743755,0.09401883124168467,7.565076831590149,8.892774508061132,13.870780064603005,True
lift_and_cruse,cruise_121,0.836088265743755,0.09401883124168467,7.565076831590149,8.892774508061132,13.882341692354826,True
lift_and_cruse,cruise_121,0.836088265743755,0.09401883124168467,7.565076831590149,8.892774508061132,13.899048728517426,True
lift_and_cruse,cruise_121,0.8360882657437555,0.0940188312416847,7.565076831590152,8.892774508061136,13.917592139680453,True
lift_and_cruse,cruise_121,0.8360882657437548,0.09401883124168464,7.565076831590147,8.892774508061134,13.934299175843055,True
lift_and_cruse,cruise_121,0.8360882657437548,0.09401883124168464,7.565076831590147,8.892774508061134,13.945860803594876,True
lift_and_cruse,cruise_121,0.836088265743755,0.09401883124168467,7.565076831590149,8.892774508061132,13.949987100765608,True
lift_and_cruse,cruise_122,1.0393368102972713,0.11834275835138214,9.47179447634875,8.782428471130299,13.949987100765608,True
lift_and_cruse,cruise_122,1.0393368102972693,0.11834275835138186,9.471794476348732,8.782428471130302,13.95411339793634,True
lift_and_cruse,cruise_122,1.03933681029727,0.11834275835138197,9.471794476348737,8.782428471130299,13.965675025688158,True
lift_and_cruse,cruise_122,1.0393368102972698,0.11834275835138189,9.471794476348732,8.782428471130304,13.98238206185076,True
lift_and_cruse,cruise_122,1.0393368102972687,0.1183427583513818,9.471794476348727,8.7824284711303,14.000925473013787,True
lift_and_cruse,cruise_122,1.0393368102972687,0.11834275835138175,9.471794476348721,8.782428471130304,14.017632509176389,True
lift_and_cruse,cruise_122,1.0393368102972687,0.1183427583513818,9.471794476348725,8.7824284711303,14.029194136928208,True
lift_and_cruse,cruise_122,1.0393368102972707,0.11834275835138205,9.471794476348744,8.782428471130299,14.03332043409894,True
lift_and_cruse,cruise_123,0.7234729695328085,0.08302814452563789,6.522209226063446,8.713587105507465,14.03332043409894,True
lift_and_cruse,cruise_123,0.7234729695422063,0.08302814452645033,6.522209226149431,8.713587105535389,14.037446731269673,True
lift_and_cruse,cruise_123,0.7234729695438545,0.08302814452659278,6.52220922616451,8.713587105540292,14.049008359021492,True
lift_and_cruse,cruise_123,0.7234729695419158,0.0830281445264252,6.522209226146772,8.713587105534527,14.065715395184094,True
lift_and_cruse,cruise_123,0.7234729695424934,0.08302814452647514,6.522209226152058,8.713587105536243,14.08425880634712,True
lift_and_cruse,cruise_123,0.7234729695429973,0.08302814452651869,6.522209226156667,8.713587105537743,14.100965842509721,True
lift_and_cruse,cruise_123,0.7234729695409836,0.0830281445263446,6.522209226138243,8.713587105531758,14.112527470261542,True
lift_and_cruse,cruise_123,0.7234729695413977,0.08302814452638041,6.522209226142032,8.713587105532989,14.116653767432274,True
lift_and_cruse,cruise_124,0.7234757062530975,0.08302839096942788,6.522234467653481,8.713594203210448,14.116653767432274,True
lift_and_cruse,cruise_124,0.7234757062425697,0.0830283909685178,6.522234467557161,8.713594203179161,14.120780064603005,True
lift_and_cruse,cruise_124,0.7234757062427776,0.08302839096853576,6.522234467559062,8.71359420317978,14.132341692354826,True
lift_and_cruse,cruise_124,0.7234757062431008,0.08302839096856371,6.522234467562019,8.713594203180739,14.149048728517426,True
lift_and_cruse,cruise_124,0.7234757062434861,0.08302839096859699,6.522234467565543,8.713594203181888,14.167592139680453,True
lift_and_cruse,cruise_124,0.7234757062438715,0.08302839096863031,6.522234467569069,8.713594203183032,14.184299175843055,True
lift_and_cruse,cruise_124,0.7234757062441544,0.08302839096865479,6.522234467571659,8.71359420318387,14.195860803594876,True
lift_and_cruse,cruise_124,0.7234757062442774,0.0830283909686654,6.522234467572783,8.713594203184238,14.199987100765608,True
lift_and_cruse,cruise_125,0.7234784592193839,0.0830286388772778,6.522259859092047,8.713601342890087,14.199987100765608,True
lift_and_cruse,cruise_125,0.7234784592176677,0.08302863887712943,6.522259859076345,8.713601342884989,14.20411339793634,True
lift_and_cruse,cruise_125,0.723478459219384,0.0830286388772778,6.522259859092049,8.713601342890088,14.215675025688158,True
lift_and_cruse,cruise_125,0.7234784592185038,0.08302863887720172,6.522259859083998,8.713601342887472,14.23238206185076,True
lift_and_cruse,cruise_125,0.7234784592180581,0.08302863887716319,6.522259859079918,8.713601342886147,14.250925473013787,True
lift_and_cruse,cruise_125,0.7234784592193843,0.08302863887727781,6.52225985909205,8.71360134289009,14.267632509176389,True
lift_and_cruse,cruise_125,0.7234784592161196,0.0830286388769956,6.522259859062181,8.713601342880388,14.279194136928208,True
lift_and_cruse,cruise_125,0.7234784592183825,0.08302863887719122,6.522259859082886,8.713601342887111,14.28332043409894,True
lift_and_cruse,cruise_126,0.7234812286467347,0.08302888826850496,6.5222854023614705,8.713608525108604,14.28332043409894,True
lift_and_cruse,cruise_126,0.72348122867195,0.08302888827068473,6.5222854025921695,8.713608525183538,14.287446731269673,True
lift_and_cruse,cruise_126,0.7234812286711029,0.0830288882706115,6.522285402584418,8.713608525181021,14.299008359021492,True
lift_and_cruse,cruise_126,0.7234812286698861,0.0830288882705063,6.522285402573288,8.713608525177406,14.315715395184094,True
lift_and_cruse,cruise_126,0.7234812286685799,0.0830288882703934,6.522285402561338,8.713608525173523,14.33425880634712,True
lift_and_cruse,cruise_126,0.7234812286674037,0.08302888827029171,6.522285402550576,8.713608525170029,14.350965842509721,True
lift_and_cruse,cruise_126,0.7234812286668342,0.0830288882702425,6.522285402545366,8.713608525168334,14.362527470261542,True
lift_and_cruse,cruise_126,0.7234812286668345,0.08302888827024252,6.522285402545368,8.713608525168336,14.366653767432274,True
lift_and_cruse,cruise_127,0.7234840147863313,0.08302913916556212,6.5223110997747655,8.713615750534117,14.366653767432274,True
lift_and_cruse,cruise_127,0.723484014786333,0.08302913916556227,6.522311099774782,8.713615750534121,14.370780064603005,True
lift_and_cruse,cruise_127,0.7234840147863321,0.0830291391655622,6.522311099774775,8.713615750534117,14.382341692354826,True
lift_and_cruse,cruise_127,0.7234840147863328,0.08302913916556225,6.52231109977478,8.713615750534123,14.399048728517426,True
lift_and_cruse,cruise_127,0.7234840147863326,0.08302913916556223,6.522311099774779,8.713615750534123,14.417592139680453,True
lift_and_cruse,cruise_127,0.723484014786332,0.08302913916556218,6.522311099774773,8.71361575053412,14.434299175843055,True
lift_and_cruse,cruise_127,0.7234840147863327,0.08302913916556226,6.522311099774781,8.713615750534121,14.445860803594876,True
lift_and_cruse,cruise_127,0.7234840147863322,0.08302913916556219,6.5223110997747735,8.713615750534121,14.449987100765608,True
lift_and_cruse,cruise_128,0.7234868173168073,0.08302939154142014,6.522336948406824,8.713623018131933,14.449987100765608,True
lift_and_cruse,cruise_128,0.7234868177815372,0.08302939158159522,6.522336952658774,8.713623019512882,14.45411339793634,True
lift_and_cruse,cruise_128,0.7234868177815369,0.0830293915815952,6.522336952658772,8.71362301951288,14.465675025688158,True
lift_and_cruse,cruise_128,0.7234868177815371,0.08302939158159522,6.522336952658773,8.71362301951288,14.48238206185076,True
lift_and_cruse,cruise_128,0.7234868177815369,0.0830293915815952,6.522336952658772,8.71362301951288,14.500925473013787,True
lift_and_cruse,cruise_128,0.723486817781537,0.0830293915815952,6.522336952658771,8.713623019512882,14.517632509176389,True
lift_and_cruse,cruise_128,0.7234868177815371,0.08302939158159522,6.522336952658773,8.71362301951288,14.529194136928208,True
lift_and_cruse,cruise_128,0.7234868177802947,0.08302939158148781,6.5223369526474055,8.713623019509189,14.53332043409894,True
lift_and_cruse,cruise_129,0.7234896378530462,0.08302964553644897,6.522362963048122,8.713630332619491,14.53332043409894,True
lift_and_cruse,cruise_129,0.7234896378598713,0.08302964553703898,6.522362963110567,8.713630332639772,14.537446731269673,True
lift_and_cruse,cruise_129,0.7234896378598713,0.08302964553703901,6.522362963110568,8.713630332639768,14.549008359021492,True
lift_and_cruse,cruise_129,0.7234896378598702,0.0830296455370389,6.522362963110558,8.713630332639767,14.565715395184094,True
lift_and_cruse,cruise_129,0.7234896378598693,0.08302964553703882,6.522362963110549,8.713630332639765,14.58425880634712,True
lift_and_cruse,cruise_129,0.7234896378391819,0.08302964553525041,6.522362962921273,8.713630332578294,14.600965842509721,True
lift_and_cruse,cruise_129,0.7234896378573642,0.08302964553682224,6.522362963087627,8.713630332632322,14.612527470261542,True
lift_and_cruse,cruise_129,0.7234896378427882,0.08302964553556219,6.5223629629542685,8.713630332589007,14.616653767432274,True
lift_and_cruse,cruise_130,0.7234924752250184,0.08302990105028216,6.522389133009442,8.713637690437302,14.616653767432274,True
lift_and_cruse,cruise_130,0.7234924752110355,0.08302990104907337,6.522389132881511,8.713637690395752,14.620780064603005,True
lift_and_cruse,cruise_130,0.7234924751832096,0.08302990104666785,6.522389132626923,8.71363769031307,14.632341692354826,True
lift_and_cruse,cruise_130,0.7234924752100385,0.08302990104898718,6.522389132872389,8.713637690392789,14.649048728517426,True
lift_and_cruse,cruise_130,0.7234924751718623,0.08302990104568687,6.522389132523101,8.713637690279354,14.667592139680453,True
lift_and_cruse,cruise_130,0.7234924751674623,0.0830299010453065,6.522389132482845,8.71363769026628,14.684299175843055,True
lift_and_cruse,cruise_130,0.7234924751836316,0.08302990104670432,6.522389132630782,8.713637690314325,14.695860803594876,True
lift_and_cruse,cruise_130,0.723492475173339,0.08302990104581454,6.522389132536612,8.713637690283742,14.699987100765608,True
lift_and_cruse,cruise_131,0.7234953301064374,0.0830301581419564,6.522415464470817,8.713645093503011,14.699987100765608,True
lift_and_cruse,cruise_131,0.7234953300855872,0.08303015814015391,6.522415464280052,8.713645093441057,14.70411339793634,True
lift_and_cruse,cruise_131,0.7234953300522957,0.08303015813727588,6.522415463975459,8.713645093342137,14.715675025688158,True
lift_and_cruse,cruise_131,0.7234953300598672,0.08303015813793044,6.522415464044735,8.713645093364635,14.73238206185076,True
lift_and_cruse,cruise_131,0.7234953300424201,0.08303015813642214,6.522415463885105,8.713645093312792,14.750925473013787,True
lift_and_cruse,cruise_131,0.7234953300134425,0.08303015813391704,6.5224154636199785,8.713645093226692,14.767632509176389,True
lift_and_cruse,cruise_131,0.7234953300076427,0.08303015813341566,6.522415463566915,8.713645093209458,14.779194136928208,True
lift_and_cruse,cruise_131,0.7234953300312443,0.08303015813545603,6.522415463782857,8.713645093279585,14.78332043409894,True
lift_and_cruse,cruise_132,0.7234982027264101,0.08303041683208787,6.522441959544731,8.713652542411513,14.78332043409894,True
lift_and_cruse,cruise_132,0.7234982027264187,0.08303041683208862,6.52244195954481,8.713652542411538,14.787446731269673,True
lift_and_cruse,cruise_132,0.7234982027264186,0.08303041683208859,6.522441959544809,8.71365254241154,14.799008359021492,True
lift_and_cruse,cruise_132,0.7234982027264193,0.08303041683208866,6.522441959544815,8.713652542411541,14.815715395184094,True
lift_and_cruse,cruise_132,0.7234982027264042,0.08303041683208734,6.522441959544675,8.713652542411497,14.83425880634712,True
lift_and_cruse,cruise_132,0.7234982027263405,0.08303041683208184,6.522441959544093,8.713652542411307,14.850965842509721,True
lift_and_cruse,cruise_132,0.723498202726295,0.0830304168320779,6.522441959543677,8.713652542411172,14.862527470261542,True
lift_and_cruse,cruise_132,0.7234982027262745,0.08303041683207615,6.522441959543491,8.71365254241111,14.866653767432274,True
lift_and_cruse,cruise_133,0.723501093290192,0.08303067713924625,6.522468620125761,8.713660037685198,14.866653767432274,True
lift_and_cruse,cruise_133,0.7235010932902024,0.08303067713924717,6.522468620125858,8.713660037685226,14.870780064603005,True
lift_and_cruse,cruise_133,0.723501093290202,0.08303067713924714,6.522468620125855,8.713660037685225,14.882341692354826,True
lift_and_cruse,cruise_133,0.7235010932902028,0.08303067713924722,6.522468620125863,8.713660037685226,14.899048728517426,True
lift_and_cruse,cruise_133,0.723501093290164,0.08303067713924384,6.522468620125504,8.713660037685115,14.917592139680453,True
lift_and_cruse,cruise_133,0.7235010932901202,0.08303067713924009,6.522468620125107,8.713660037684981,14.934299175843055,True
lift_and_cruse,cruise_133,0.7235010932900882,0.08303067713923729,6.522468620124812,8.713660037684889,14.945860803594876,True
lift_and_cruse,cruise_133,0.7235010932900799,0.08303067713923656,6.522468620124736,8.713660037684866,14.949987100765608,True
lift_and_cruse,cruise_134,0.7235040020339829,0.08303093908469225,6.522495448391924,8.713667579936713,14.949987100765608,True
lift_and_cruse,cruise_134,0.723504002027755,0.08303093908415386,6.5224954483349435,8.713667579918207,14.95411339793634,True
lift_and_cruse,cruise_134,0.7235040020278304,0.08303093908416037,6.5224954483356345,8.71366757991843,14.965675025688158,True
lift_and_cruse,cruise_134,0.7235040020280388,0.08303093908417838,6.52249544833754,8.71366757991905,14.98238206185076,True
lift_and_cruse,cruise_134,0.7235040020282623,0.0830309390841977,6.5224954483395825,8.713667579919715,15.000925473013787,True
lift_and_cruse,cruise_134,0.7235040020284783,0.08303093908421638,6.52249544834156,8.713667579920356,15.017632509176389,True
lift_and_cruse,cruise_134,0.7235040020286139,0.08303093908422811,6.522495448342802,8.713667579920758,15.029194136928208,True
lift_and_cruse,cruise_134,0.7235040020286556,0.08303093908423172,6.522495448343184,8.713667579920882,15.03332043409894,True
lift_and_cruse,cruise_135,0.7235069291900644,0.08303120268936412,6.52252244648571,8.713675169765331,15.03332043409894,True
lift_and_cruse,cruise_135,0.7235069291822749,0.08303120268869071,6.522522446414442,8.713675169742185,15.037446731269673,True
lift_and_cruse,cruise_135,0.7235069291824828,0.08303120268870867,6.522522446416343,8.713675169742805,15.049008359021492,True
lift_and_cruse,cruise_135,0.7235069291827625,0.08303120268873285,6.522522446418902,8.713675169743636,15.065715395184094,True
lift_and_cruse,cruise_135,0.7235069291831516,0.08303120268876647,6.52252244642246,8.713675169744795,15.08425880634712,True
lift_and_cruse,cruise_135,0.7235069291834066,0.08303120268878855,6.522522446424796,8.71367516974555,15.100965842509721,True
lift_and_cruse,cruise_135,0.7235069291835635,0.08303120268880211,6.5225224464262315,8.713675169746015,15.112527470261542,True
lift_and_cruse,cruise_135,0.7235069291836568,0.08303120268881015,6.5225224464270815,8.713675169746296,15.116653767432274,True
lift_and_cruse,cruise_136,0.7235098749951612,0.08303146797460069,6.52254961659059,8.713682807781776,15.116653767432274,True
lift_and_cruse,cruise_136,0.7235098749949205,0.08303146797457986,6.522549616588387,8.713682807781064,15.120780064603005,True
lift_and_cruse,cruise_136,0.72350987499496,0.08303146797458329,6.522549616588749,8.71368280778118,15.132341692354826,True
lift_and_cruse,cruise_136,0.7235098749950196,0.08303146797458844,6.522549616589295,8.713682807781357,15.149048728517426,True
lift_and_cruse,cruise_136,0.7235098749950841,0.08303146797459401,6.522549616589886,8.713682807781549,15.167592139680453,True
lift_and_cruse,cruise_136,0.7235098749951422,0.08303146797459904,6.522549616590416,8.713682807781721,15.184299175843055,True
lift_and_cruse,cruise_136,0.7235098749951825,0.08303146797460251,6.522549616590784,8.713682807781842,15.195860803594876,True
lift_and_cruse,cruise_136,0.7235098749951822,0.08303146797460248,6.522549616590782,8.713682807781842,15.199987100765608,True
lift_and_cruse,cruise_137,0.7235128396900479,0.08303173496210828,6.522576960927442,8.713690494606967,15.199987100765608,True
lift_and_cruse,cruise_137,0.7235128396896282,0.083031734962072,6.522576960923603,8.71369049460572,15.20411339793634,True
lift_and_cruse,cruise_137,0.7235128396896634,0.08303173496207503,6.5225769609239235,8.713690494605826,15.215675025688158,True
lift_and_cruse,cruise_137,0.7235128396897139,0.08303173496207941,6.522576960924387,8.713690494605974,15.23238206185076,True
lift_and_cruse,cruise_137,0.72351283968977,0.08303173496208423,6.522576960924897,8.713690494606144,15.250925473013787,True
lift_and_cruse,cruise_137,0.7235128396898203,0.0830317349620886,6.5225769609253605,8.713690494606292,15.267632509176389,True
lift_and_cruse,cruise_137,0.7235128396898546,0.08303173496209157,6.522576960925674,8.713690494606393,15.279194136928208,True
lift_and_cruse,cruise_137,0.7235128396898667,0.08303173496209262,6.522576960925786,8.713690494606428,15.28332043409894,True
lift_and_cruse,cruise_138,0.7235158235208253,0.08303200367407093,6.522604481766223,8.713698230875806,15.28332043409894,True
lift_and_cruse,cruise_138,0.7235158235203741,0.08303200367403193,6.522604481762095,8.713698230874465,15.287446731269673,True
lift_and_cruse,cruise_138,0.723515823520401,0.08303200367403427,6.52260448176234,8.713698230874543,15.299008359021492,True
lift_and_cruse,cruise_138,0.7235158235204392,0.08303200367403755,6.5226044817626905,8.713698230874659,15.315715395184094,True
lift_and_cruse,cruise_138,0.7235158235204813,0.08303200367404118,6.522604481763073,8.713698230874785,15.33425880634712,True
lift_and_cruse,cruise_138,0.7235158235205197,0.08303200367404451,6.522604481763426,8.713698230874899,15.350965842509721,True
lift_and_cruse,cruise_138,0.7235158235205467,0.08303200367404684,6.522604481763673,8.713698230874979,15.362527470261542,True
lift_and_cruse,cruise_138,0.7235158235205555,0.0830320036740476,6.522604481763754,8.713698230875005,15.366653767432274,True
lift_and_cruse,cruise_139,0.7235188267382455,0.08303227413309297,6.5226321814198025,8.713706017235088,15.366653767432274,True
lift_and_cruse,cruise_139,0.7235188267378121,0.08303227413305551,6.5226321814158394,8.713706017233799,15.370780064603005,True
lift_and_cruse,cruise_139,0.7235188267378326,0.08303227413305726,6.522632181416022,8.713706017233863,15.382341692354826,True
lift_and_cruse,cruise_139,0.7235188267378599,0.08303227413305964,6.522632181416276,8.713706017233942,15.399048728517426,True
lift_and_cruse,cruise_139,0.7235188267378926,0.08303227413306244,6.522632181416571,8.71370601723404,15.417592139680453,True
lift_and_cruse,cruise_139,0.7235188267379209,0.08303227413306491,6.522632181416832,8.713706017234122,15.434299175843055,True
lift_and_cruse,cruise_139,0.7235188267379403,0.08303227413306659,6.522632181417011,8.71370601723418,15.445860803594876,True
lift_and_cruse,cruise_139,0.7235188267379474,0.0830322741330672,6.522632181417077,8.713706017234202,15.449987100765608,True
lift_and_cruse,cruise_140,0.7235218495980256,0.08303254636222636,6.522660062246856,8.7137138543444,15.449987100765608,True
lift_and_cruse,cruise_140,0.7235218495975888,0.0830325463621886,6.522660062242858,8.713713854343103,15.45411339793634,True
lift_and_cruse,cruise_140,0.7235218495976043,0.08303254636218993,6.522660062243,8.713713854343151,15.465675025688158,True
lift_and_cruse,cruise_140,0.7235218495976273,0.08303254636219193,6.52266006224321,8.713713854343217,15.48238206185076,True
lift_and_cruse,cruise_140,0.723521849597653,0.08303254636219413,6.522660062243443,8.713713854343295,15.500925473013787,True
lift_and_cruse,cruise_140,0.7235218495976757,0.08303254636219612,6.522660062243653,8.71371385434336,15.517632509176389,True
lift_and_cruse,cruise_140,0.7235218495976923,0.08303254636219753,6.522660062243805,8.71371385434341,15.529194136928208,True
lift_and_cruse,cruise_140,0.7235218495976978,0.08303254636219802,6.5226600622438555,8.713713854343426,15.53332043409894,True
lift_and_cruse,cruise_141,0.723524892361006,0.083032820384985,6.5226881266533026,8.713721742876539,15.53332043409894,True
lift_and_cruse,cruise_141,0.7235248923605848,0.08303282038494858,6.52268812664945,8.713721742875288,15.537446731269673,True
lift_and_cruse,cruise_141,0.7235248923605971,0.08303282038494966,6.522688126649564,8.713721742875322,15.549008359021492,True
lift_and_cruse,cruise_141,0.7235248923606156,0.08303282038495127,6.522688126649735,8.713721742875375,15.565715395184094,True
lift_and_cruse,cruise_141,0.7235248923606363,0.08303282038495305,6.522688126649921,8.713721742875439,15.58425880634712,True
lift_and_cruse,cruise_141,0.7235248923606552,0.08303282038495469,6.522688126650096,8.713721742875494,15.600965842509721,True
lift_and_cruse,cruise_141,0.7235248923606686,0.08303282038495582,6.522688126650217,8.713721742875537,15.612527470261542,True
lift_and_cruse,cruise_141,0.7235248923606731,0.08303282038495624,6.52268812665026,8.713721742875546,15.616653767432274,True
lift_and_cruse,cruise_142,0.7235279552933395,0.08303309622536154,6.522716377094073,8.713729683518004,15.616653767432274,True
lift_and_cruse,cruise_142,0.7235279552911636,0.08303309622517344,6.522716377074165,8.713729683511538,15.620780064603005,True
lift_and_cruse,cruise_142,0.7235279552913624,0.0830330962251906,6.522716377075982,8.713729683512131,15.632341692354826,True
lift_and_cruse,cruise_142,0.7235279552916228,0.0830330962252131,6.522716377078364,8.713729683512906,15.649048728517426,True
lift_and_cruse,cruise_142,0.7235279552917744,0.0830330962252262,6.5227163770797505,8.713729683513357,15.667592139680453,True
lift_and_cruse,cruise_142,0.7235279552918523,0.08303309622523294,6.522716377080463,8.713729683513588,15.684299175843055,True
lift_and_cruse,cruise_142,0.723527955291816,0.08303309622522984,6.522716377080134,8.713729683513476,15.695860803594876,True
lift_and_cruse,cruise_142,0.7235279552918338,0.08303309622523136,6.522716377080296,8.713729683513531,15.699987100765608,True
lift_and_cruse,cruise_143,0.7235310385136805,0.08303337389461676,6.522744814674971,8.713737676515017,15.699987100765608,True
lift_and_cruse,cruise_143,0.7235310387155759,0.08303337391207147,6.522744816522177,8.713737677114771,15.70411339793634,True
lift_and_cruse,cruise_143,0.723531038659336,0.08303337390720927,6.522744816007619,8.713737676947705,15.715675025688158,True
lift_and_cruse,cruise_143,0.7235310386978043,0.083033373910535,6.522744816359577,8.713737677061983,15.73238206185076,True
lift_and_cruse,cruise_143,0.7235310386230137,0.08303337390406906,6.522744815675296,8.713737676839806,15.750925473013787,True
lift_and_cruse,cruise_143,0.723531038601401,0.08303337390220056,6.522744815477554,8.713737676775603,15.767632509176389,True
lift_and_cruse,cruise_143,0.7235310385491391,0.0830333738976823,6.522744814999392,8.713737676620353,15.779194136928208,True
lift_and_cruse,cruise_143,0.7235310385496937,0.08303337389773024,6.522744815004468,8.713737676622,15.78332043409894,True
lift_and_cruse,cruise_144,0.7235341427575603,0.0830336534573636,6.5227734461462346,8.713745723944124,15.78332043409894,True
lift_and_cruse,cruise_144,0.723534142758174,0.08303365345741666,6.52277344615185,8.713745723945946,15.787446731269673,True
lift_and_cruse,cruise_144,0.7235341427662635,0.08303365345811603,6.522773446225862,8.713745723969977,15.799008359021492,True
lift_and_cruse,cruise_144,0.7235341427586869,0.08303365345746097,6.522773446156539,8.713745723947474,15.815715395184094,True
lift_and_cruse,cruise_144,0.7235341427571005,0.08303365345732383,6.522773446142026,8.71374572394276,15.83425880634712,True
lift_and_cruse,cruise_144,0.723534142757101,0.08303365345732389,6.522773446142032,8.713745723942761,15.850965842509721,True
lift_and_cruse,cruise_144,0.7235341427610926,0.08303365345766897,6.522773446178552,8.713745723954618,15.862527470261542,True
lift_and_cruse,cruise_144,0.7235341427570996,0.08303365345732378,6.522773446142021,8.713745723942756,15.866653767432274,True
lift_and_cruse,cruise_145,0.7235372679552035,0.08303393490861395,6.522802270890503,8.713753825487363,15.866653767432274,True
lift_and_cruse,cruise_145,0.7235372678483973,0.08303393489938005,6.522802269913303,8.713753825170093,15.870780064603005,True
lift_and_cruse,cruise_145,0.7235372678483837,0.08303393489937885,6.522802269913176,8.713753825170054,15.882341692354826,True
lift_and_cruse,cruise_145,0.7235372678483394,0.08303393489937502,6.52280226991277,8.713753825169922,15.899048728517426,True
lift_and_cruse,cruise_145,0.7235372678482891,0.08303393489937068,6.522802269912309,8.713753825169771,15.917592139680453,True
lift_and_cruse,cruise_145,0.7235372678482894,0.08303393489937069,6.522802269912312,8.713753825169775,15.934299175843055,True
lift_and_cruse,cruise_145,0.7235372678482895,0.08303393489937072,6.522802269912313,8.713753825169773,15.945860803594876,True
lift_and_cruse,cruise_145,0.7235372678482894,0.08303393489937069,6.522802269912312,8.713753825169775,15.949987100765608,True
lift_and_cruse,cruise_146,0.7235404142284488,0.0830342182599671,6.522831290044002,8.713761981393713,15.949987100765608,True
lift_and_cruse,cruise_146,0.7235404142285439,0.0830342182599753,6.52283129004487,8.713761981393995,15.95411339793634,True
lift_and_cruse,cruise_146,0.7235404142285189,0.08303421825997313,6.522831290044641,8.713761981393922,15.965675025688158,True
lift_and_cruse,cruise_146,0.7235404142284759,0.0830342182599694,6.522831290044246,8.713761981393796,15.98238206185076,True
lift_and_cruse,cruise_146,0.7235404142284485,0.08303421825996704,6.522831290043999,8.713761981393715,16.000925473013787,True
lift_and_cruse,cruise_146,0.7235404142284484,0.08303421825996704,6.522831290043995,8.713761981393713,16.017632509176387,True
lift_and_cruse,cruise_146,0.7235404142284485,0.08303421825996704,6.522831290043999,8.713761981393715,16.029194136928208,True
lift_and_cruse,cruise_146,0.7235404142284485,0.08303421825996704,6.522831290043999,8.713761981393715,16.03332043409894,True
lift_and_cruse,cruise_147,0.7235435821918541,0.0830345035656426,6.522860509251434,8.713770193373405,16.03332043409894,True
lift_and_cruse,cruise_147,0.7235435821921126,0.08303450356566494,6.522860509253799,8.713770193374172,16.03744673126967,True
lift_and_cruse,cruise_147,0.7235435821921125,0.08303450356566491,6.522860509253797,8.713770193374174,16.049008359021492,True
lift_and_cruse,cruise_147,0.7235435821921126,0.08303450356566494,6.522860509253799,8.713770193374172,16.065715395184093,True
lift_and_cruse,cruise_147,0.7235435821928012,0.08303450356572449,6.522860509260102,8.713770193376217,16.08425880634712,True
lift_and_cruse,cruise_147,0.7235435821921126,0.08303450356566494,6.522860509253799,8.713770193374172,16.100965842509723,True
lift_and_cruse,cruise_147,0.7235435821921121,0.08303450356566489,6.522860509253794,8.713770193374172,16.11252747026154,True
lift_and_cruse,cruise_147,0.7235435821921123,0.08303450356566491,6.522860509253796,8.713770193374172,16.116653767432275,True
lift_and_cruse,cruise_148,0.723546772039785,0.0830347908435553,6.522889930313507,8.713778461886047,16.116653767432275,True
lift_and_cruse,cruise_148,0.7235467720399912,0.08303479084357313,6.522889930315393,8.71377846188666,16.120780064603007,True
lift_and_cruse,cruise_148,0.7235467720399915,0.08303479084357317,6.5228899303153955,8.71377846188666,16.132341692354824,True
lift_and_cruse,cruise_148,0.7235467720399912,0.08303479084357313,6.522889930315393,8.71377846188666,16.14904872851743,True
lift_and_cruse,cruise_148,0.7235467720399912,0.08303479084357313,6.522889930315393,8.71377846188666,16.167592139680455,True
lift_and_cruse,cruise_148,0.7235467720399912,0.08303479084357313,6.522889930315393,8.71377846188666,16.184299175843055,True
lift_and_cruse,cruise_148,0.7235467720399907,0.08303479084357311,6.522889930315391,8.713778461886657,16.195860803594876,True
lift_and_cruse,cruise_148,0.7235467720399915,0.08303479084357317,6.5228899303153955,8.71377846188666,16.199987100765608,True
lift_and_cruse,cruise_149,0.7235499840791423,0.08303508012137292,6.52291955606101,8.713786787723027,16.199987100765608,True
lift_and_cruse,cruise_149,0.7235499840791423,0.08303508012137292,6.52291955606101,8.713786787723027,16.20411339793634,True
lift_and_cruse,cruise_149,0.7235499840791406,0.08303508012137278,6.522919556060993,8.713786787723022,16.21567502568816,True
lift_and_cruse,cruise_149,0.7235499840791425,0.08303508012137295,6.5229195560610105,8.713786787723025,16.23238206185076,True
lift_and_cruse,cruise_149,0.7235499840791423,0.08303508012137292,6.52291955606101,8.713786787723027,16.250925473013787,True
lift_and_cruse,cruise_149,0.7235499840791411,0.08303508012137284,6.522919556061,8.71378678772302,16.267632509176387,True
lift_and_cruse,cruise_149,0.7235499840791423,0.08303508012137292,6.52291955606101,8.713786787723027,16.279194136928208,True
lift_and_cruse,cruise_149,0.7235499840791412,0.08303508012137284,6.522919556060999,8.713786787723022,16.28332043409894,True
lift_and_cruse,cruise_150,0.7235532186191842,0.0830353714269911,6.5229493893467865,8.713795171680164,16.28332043409894,True
lift_and_cruse,cruise_150,0.7235532186200156,0.083035371427063,6.522949389354396,8.713795171682632,16.28744673126967,True
lift_and_cruse,cruise_150,0.7235532186203787,0.08303537142709438,6.5229493893577155,8.713795171683712,16.299008359021492,True
lift_and_cruse,cruise_150,0.7235532186208484,0.08303537142713502,6.522949389362015,8.713795171685105,16.315715395184093,True
lift_and_cruse,cruise_150,0.7235532186213629,0.08303537142717947,6.52294938936672,8.713795171686636,16.33425880634712,True
lift_and_cruse,cruise_150,0.7235532186217194,0.08303537142721029,6.522949389369983,8.713795171687694,16.350965842509723,True
lift_and_cruse,cruise_150,0.7235532186219636,0.08303537142723141,6.522949389372216,8.71379517168842,16.36252747026154,True
lift_and_cruse,cruise_150,0.7235532186220471,0.0830353714272386,6.52294938937298,8.713795171688671,16.366653767432275,True
lift_and_cruse,cruise_151,0.7235564759923121,0.08303566479033135,6.522979433235934,8.713803614619374,16.366653767432275,True
lift_and_cruse,cruise_151,0.7235564759923077,0.08303566479033098,6.522979433235893,8.71380361461936,16.370780064603007,True
lift_and_cruse,cruise_151,0.7235564759923124,0.08303566479033138,6.522979433235937,8.713803614619376,16.382341692354824,True
lift_and_cruse,cruise_151,0.7235564759923139,0.0830356647903315,6.5229794332359505,8.71380361461938,16.39904872851743,True
lift_and_cruse,cruise_151,0.7235564759923164,0.08303566479033173,6.522979433235974,8.713803614619389,16.417592139680455,True
lift_and_cruse,cruise_151,0.7235564759923124,0.08303566479033138,6.522979433235936,8.713803614619376,16.434299175843055,True
lift_and_cruse,cruise_151,0.7235564759923164,0.08303566479033173,6.522979433235974,8.713803614619389,16.445860803594876,True
lift_and_cruse,cruise_151,0.7235564759923625,0.08303566479033572,6.522979433236397,8.713803614619524,16.449987100765608,True
lift_and_cruse,cruise_152,0.7235597565138352,0.08303596023986308,6.523009690637679,8.713812117349079,16.449987100765608,True
lift_and_cruse,cruise_152,0.723559756513836,0.08303596023986312,6.523009690637683,8.713812117349084,16.45411339793634,True
lift_and_cruse,cruise_152,0.7235597565138351,0.08303596023986304,6.523009690637675,8.713812117349082,16.46567502568816,True
lift_and_cruse,cruise_152,0.7235597565138356,0.0830359602398631,6.523009690637682,8.713812117349082,16.48238206185076,True
lift_and_cruse,cruise_152,0.7235597565138352,0.08303596023986308,6.523009690637679,8.713812117349079,16.500925473013787,True
lift_and_cruse,cruise_152,0.7235597565138358,0.0830359602398631,6.52300969063768,8.713812117349084,16.517632509176387,True
lift_and_cruse,cruise_152,0.7235597565138625,0.0830359602398654,6.523009690637925,8.713812117349164,16.529194136928208,True
lift_and_cruse,cruise_152,0.723559756513836,0.08303596023986312,6.523009690637683,8.713812117349084,16.53332043409894,True
lift_and_cruse,cruise_153,0.723563060522035,0.08303625780606821,6.523040164671949,8.713820680743126,16.53332043409894,True
lift_and_cruse,cruise_153,0.7235630605220349,0.0830362578060682,6.523040164671948,8.713820680743126,16.53744673126967,True
lift_and_cruse,cruise_153,0.723563060522035,0.08303625780606819,6.523040164671947,8.713820680743128,16.549008359021492,True
lift_and_cruse,cruise_153,0.723563060522035,0.08303625780606819,6.523040164671947,8.713820680743128,16.565715395184093,True
lift_and_cruse,cruise_153,0.723563060522035,0.08303625780606819,6.523040164671947,8.713820680743128,16.58425880634712,True
lift_and_cruse,cruise_153,0.723563060522035,0.08303625780606819,6.523040164671947,8.713820680743128,16.600965842509723,True
lift_and_cruse,cruise_153,0.7235630605220345,0.08303625780606817,6.5230401646719445,8.713820680743122,16.61252747026154,True
lift_and_cruse,cruise_153,0.723563060522035,0.08303625780606819,6.523040164671947,8.713820680743128,16.616653767432275,True
lift_and_cruse,cruise_154,0.7235663883585379,0.08303655751974509,6.523070858489837,8.713829305682411,16.616653767432275,True
lift_and_cruse,cruise_154,0.723566388358538,0.08303655751974509,6.523070858489839,8.713829305682411,16.620780064603007,True
lift_and_cruse,cruise_154,0.7235663883585439,0.08303655751974559,6.523070858489891,8.713829305682431,16.632341692354824,True
lift_and_cruse,cruise_154,0.723566388358538,0.08303655751974509,6.523070858489839,8.713829305682411,16.64904872851743,True
lift_and_cruse,cruise_154,0.723566388358538,0.08303655751974509,6.523070858489839,8.713829305682411,16.667592139680455,True
lift_and_cruse,cruise_154,0.7235663883585383,0.08303655751974512,6.523070858489841,8.713829305682411,16.684299175843055,True
lift_and_cruse,cruise_154,0.7235663883585383,0.08303655751974512,6.52307085848984,8.713829305682411,16.695860803594876,True
lift_and_cruse,cruise_154,0.7235663883585806,0.08303655751974874,6.523070858490224,8.713829305682541,16.699987100765608,True
lift_and_cruse,cruise_155,0.7235697403725053,0.08303685941237138,6.523101775311926,8.713837993067246,16.699987100765608,True
lift_and_cruse,cruise_155,0.7235697403725054,0.0830368594123714,6.523101775311928,8.713837993067244,16.70411339793634,True
lift_and_cruse,cruise_155,0.7235697403725052,0.08303685941237139,6.523101775311927,8.713837993067244,16.71567502568816,True
lift_and_cruse,cruise_155,0.7235697403725375,0.08303685941237417,6.52310177531222,8.713837993067342,16.73238206185076,True
lift_and_cruse,cruise_155,0.7235697403725055,0.08303685941237142,6.523101775311929,8.713837993067244,16.750925473013787,True
lift_and_cruse,cruise_155,0.7235697403725053,0.08303685941237138,6.523101775311925,8.713837993067246,16.767632509176387,True
lift_and_cruse,cruise_155,0.7235697403725053,0.08303685941237138,6.523101775311926,8.713837993067246,16.779194136928208,True
lift_and_cruse,cruise_155,0.7235697403725054,0.0830368594123714,6.523101775311928,8.713837993067244,16.78332043409894,True
lift_and_cruse,cruise_156,0.7235731169208511,0.08303716351612389,6.523132918430311,8.713846743817905,16.78332043409894,True
lift_and_cruse,cruise_156,0.7235731169208511,0.08303716351612389,6.523132918430311,8.713846743817905,16.78744673126967,True
lift_and_cruse,cruise_156,0.7235731169208511,0.08303716351612389,6.523132918430311,8.713846743817905,16.799008359021492,True
lift_and_cruse,cruise_156,0.7235731169208511,0.08303716351612389,6.523132918430311,8.713846743817905,16.815715395184093,True
lift_and_cruse,cruise_156,0.7235731169208511,0.08303716351612389,6.523132918430311,8.713846743817905,16.83425880634712,True
lift_and_cruse,cruise_156,0.7235731169208512,0.08303716351612389,6.523132918430312,8.713846743817907,16.850965842509723,True
lift_and_cruse,cruise_156,0.7235731169208512,0.08303716351612389,6.523132918430312,8.713846743817907,16.86252747026154,True
lift_and_cruse,cruise_156,0.7235731169208516,0.08303716351612392,6.523132918430314,8.713846743817907,16.866653767432275,True
lift_and_cruse,cruise_157,0.7235765183655885,0.08303746986364986,6.5231642911843375,8.713855558866664,16.866653767432275,True
lift_and_cruse,cruise_157,0.7235765183684746,0.0830374698638994,6.523164291210744,8.713855558875235,16.870780064603007,True
lift_and_cruse,cruise_157,0.7235765183684751,0.08303746986389943,6.523164291210747,8.713855558875238,16.882341692354824,True
lift_and_cruse,cruise_157,0.7235765183684748,0.0830374698638994,6.523164291210744,8.713855558875238,16.89904872851743,True
lift_and_cruse,cruise_157,0.72357651836773,0.083037469863835,6.52316429120393,8.713855558873025,16.917592139680455,True
lift_and_cruse,cruise_157,0.7235765183678724,0.08303746986384733,6.523164291205233,8.713855558873448,16.934299175843055,True
lift_and_cruse,cruise_157,0.7235765183684748,0.0830374698638994,6.523164291210744,8.713855558875238,16.945860803594876,True
lift_and_cruse,cruise_157,0.7235765183672667,0.08303746986379494,6.52316429119969,8.71385555887165,16.949987100765608,True
lift_and_cruse,cruise_158,0.7235799450849861,0.08303777848903268,6.523195897062689,8.713864439190818,16.949987100765608,True
lift_and_cruse,cruise_158,0.7235799450869371,0.08303777848920141,6.523195897080542,8.713864439196607,16.95411339793634,True
lift_and_cruse,cruise_158,0.7235799450875263,0.08303777848925234,6.523195897085933,8.713864439198359,16.96567502568816,True
lift_and_cruse,cruise_158,0.7235799450885018,0.08303777848933666,6.523195897094856,8.713864439201256,16.98238206185076,True
lift_and_cruse,cruise_158,0.7235799450875694,0.08303777848925603,6.5231958970863255,8.71386443919849,17.000925473013787,True
lift_and_cruse,cruise_158,0.7235799450885018,0.08303777848933666,6.523195897094856,8.713864439201256,17.017632509176387,True
lift_and_cruse,cruise_158,0.7235799450874492,0.08303777848924564,6.523195897085223,8.713864439198133,17.029194136928208,True
lift_and_cruse,cruise_158,0.7235799450885015,0.08303777848933663,6.523195897094855,8.713864439201256,17.03332043409894,True
lift_and_cruse,cruise_159,0.7235833974619154,0.08303808942678509,6.5232277395967975,8.71387338577799,17.03332043409894,True
lift_and_cruse,cruise_159,0.7235833974617232,0.08303808942676846,6.523227739595039,8.71387338577742,17.03744673126967,True
lift_and_cruse,cruise_159,0.7235833974624022,0.08303808942682717,6.523227739601253,8.713873385779438,17.049008359021492,True
lift_and_cruse,cruise_159,0.7235833974614942,0.08303808942674866,6.523227739592943,8.713873385776742,17.065715395184093,True
lift_and_cruse,cruise_159,0.7235833974625344,0.08303808942683862,6.523227739602462,8.713873385779829,17.08425880634712,True
lift_and_cruse,cruise_159,0.7235833974621627,0.08303808942680646,6.5232277395990605,8.713873385778728,17.10096584250972,True
lift_and_cruse,cruise_159,0.7235833974625343,0.0830380894268386,6.5232277396024605,8.713873385779829,17.11252747026154,True
lift_and_cruse,cruise_159,0.723583397462151,0.08303808942680543,6.523227739598952,8.713873385778692,17.116653767432275,True
lift_and_cruse,cruise_160,0.7235868758765321,0.08303840271121737,6.5232598222938885,8.713882399604312,17.116653767432275,True
lift_and_cruse,cruise_160,0.7235868758801655,0.08303840271153151,6.523259822327131,8.713882399615104,17.120780064603007,True
lift_and_cruse,cruise_160,0.723586875880908,0.08303840271159574,6.5232598223339275,8.713882399617304,17.132341692354828,True
lift_and_cruse,cruise_160,0.7235868758809086,0.08303840271159577,6.523259822333931,8.71388239961731,17.14904872851743,True
lift_and_cruse,cruise_160,0.7235868758787781,0.08303840271141158,6.52325982231444,8.71388239961098,17.16759213968045,True
lift_and_cruse,cruise_160,0.7235868758809086,0.08303840271159577,6.523259822333931,8.71388239961731,17.18429917584305,True
lift_and_cruse,cruise_160,0.7235868758796552,0.08303840271148741,6.523259822322464,8.713882399613587,17.195860803594876,True
lift_and_cruse,cruise_160,0.7235868758809086,0.08303840271159577,6.523259822333931,8.71388239961731,17.199987100765608,True
lift_and_cruse,cruise_161,0.7235903807429608,0.08303871837961035,6.523292148972669,8.71389148174322,17.199987100765608,True
lift_and_cruse,cruise_161,0.7235903807429416,0.0830387183796087,6.523292148972494,8.713891481743161,17.20411339793634,True
lift_and_cruse,cruise_161,0.7235903807429531,0.0830387183796097,6.523292148972598,8.713891481743195,17.21567502568816,True
lift_and_cruse,cruise_161,0.7235903807429577,0.0830387183796101,6.523292148972642,8.713891481743207,17.232382061850764,True
lift_and_cruse,cruise_161,0.7235903807429456,0.08303871837960906,6.523292148972531,8.713891481743172,17.250925473013787,True
lift_and_cruse,cruise_161,0.7235903807429641,0.08303871837961066,6.5232921489727005,8.713891481743227,17.267632509176387,True
lift_and_cruse,cruise_161,0.7235903807429648,0.08303871837961069,6.523292148972703,8.713891481743232,17.279194136928208,True
lift_and_cruse,cruise_161,0.7235903807429348,0.08303871837960813,6.5232921489724305,8.71389148174314,17.28332043409894,True
lift_and_cruse,cruise_162,0.7235939124574268,0.08303903646773172,6.523324723288753,8.713900633211336,17.28332043409894,True
lift_and_cruse,cruise_162,0.7235939124572442,0.08303903646771593,6.5233247232870815,8.713900633210796,17.28744673126967,True
lift_and_cruse,cruise_162,0.7235939124572459,0.08303903646771608,6.523324723287098,8.7139006332108,17.299008359021496,True
lift_and_cruse,cruise_162,0.7235939124572345,0.0830390364677151,6.523324723286994,8.713900633210766,17.315715395184096,True
lift_and_cruse,cruise_162,0.7235939124572381,0.08303903646771542,6.523324723287028,8.713900633210777,17.33425880634712,True
lift_and_cruse,cruise_162,0.7235939124572298,0.08303903646771471,6.523324723286953,8.71390063321075,17.35096584250972,True
lift_and_cruse,cruise_162,0.723593912457237,0.08303903646771532,6.5233247232870175,8.713900633210773,17.36252747026154,True
lift_and_cruse,cruise_162,0.7235939124572272,0.08303903646771446,6.523324723286927,8.713900633210745,17.366653767432275,True
lift_and_cruse,cruise_163,0.7235974714423273,0.08303935701364742,6.523357549137937,8.71390985509925,17.366653767432275,True
lift_and_cruse,cruise_163,0.7235974714420188,0.08303935701362075,6.523357549135114,8.713909855098334,17.370780064603007,True
lift_and_cruse,cruise_163,0.723597471442007,0.08303935701361974,6.523357549135008,8.713909855098299,17.382341692354828,True
lift_and_cruse,cruise_163,0.7235974714420161,0.08303935701362052,6.52335754913509,8.713909855098326,17.39904872851743,True
lift_and_cruse,cruise_163,0.7235974714419964,0.08303935701361881,6.523357549134909,8.713909855098267,17.41759213968045,True
lift_and_cruse,cruise_163,0.7235974714419944,0.08303935701361864,6.523357549134891,8.713909855098262,17.43429917584305,True
lift_and_cruse,cruise_163,0.7235974714419983,0.08303935701361898,6.523357549134927,8.713909855098272,17.445860803594876,True
lift_and_cruse,cruise_163,0.7235974714419972,0.08303935701361889,6.523357549134917,8.713909855098269,17.449987100765608,True
lift_and_cruse,cruise_164,0.7236010581256098,0.0830396800559402,6.523390630467526,8.713919148510103,17.449987100765608,True
lift_and_cruse,cruise_164,0.7236010581256185,0.08303968005594095,6.523390630467604,8.71391914851013,17.45411339793634,True
lift_and_cruse,cruise_164,0.723601058125619,0.08303968005594098,6.52339063046761,8.713919148510133,17.46567502568816,True
lift_and_cruse,cruise_164,0.7236010581256185,0.08303968005594095,6.523390630467603,8.71391914851013,17.482382061850764,True
lift_and_cruse,cruise_164,0.7236010581256185,0.08303968005594095,6.523390630467604,8.71391914851013,17.500925473013787,True
lift_and_cruse,cruise_164,0.7236010581256179,0.08303968005594091,6.5233906304676,8.713919148510126,17.517632509176387,True
lift_and_cruse,cruise_164,0.7236010581256189,0.08303968005594098,6.523390630467606,8.713919148510131,17.529194136928208,True
lift_and_cruse,cruise_164,0.723601058125618,0.08303968005594092,6.523390630467603,8.713919148510126,17.53332043409894,True
lift_and_cruse,cruise_165,0.7236046729458789,0.08304000563415187,6.523423971323093,8.71392851457469,17.53332043409894,True
lift_and_cruse,cruise_165,0.7236046729458887,0.0830400056341527,6.523423971323182,8.713928514574722,17.53744673126967,True
lift_and_cruse,cruise_165,0.7236046729458891,0.08304000563415273,6.523423971323185,8.713928514574723,17.549008359021496,True
lift_and_cruse,cruise_165,0.7236046729458895,0.08304000563415277,6.523423971323189,8.713928514574723,17.565715395184096,True
lift_and_cruse,cruise_165,0.7236046729458893,0.08304000563415273,6.523423971323186,8.713928514574725,17.58425880634712,True
lift_and_cruse,cruise_165,0.7236046729458894,0.08304000563415276,6.523423971323187,8.713928514574723,17.60096584250972,True
lift_and_cruse,cruise_165,0.7236046729458893,0.08304000563415276,6.523423971323188,8.713928514574722,17.61252747026154,True
lift_and_cruse,cruise_165,0.7236046729458896,0.08304000563415279,6.523423971323191,8.713928514574723,17.616653767432275,True
lift_and_cruse,cruise_166,0.7236083163517485,0.0830403337887288,6.52345757584258,8.713937954449372,17.616653767432275,True
lift_and_cruse,cruise_166,0.7236083163517709,0.08304033378873077,6.523457575842786,8.713937954449435,17.620780064603007,True
lift_and_cruse,cruise_166,0.7236083163517721,0.08304033378873085,6.5234575758427935,8.713937954449442,17.632341692354828,True
lift_and_cruse,cruise_166,0.7236083163517713,0.0830403337887308,6.52345757584279,8.713937954449436,17.64904872851743,True
lift_and_cruse,cruise_166,0.7236083163517715,0.08304033378873082,6.523457575842793,8.713937954449436,17.66759213968045,True
lift_and_cruse,cruise_166,0.723608316351773,0.08304033378873094,6.523457575842803,8.713937954449444,17.68429917584305,True
lift_and_cruse,cruise_166,0.7236083163517715,0.08304033378873082,6.523457575842793,8.713937954449436,17.695860803594876,True
lift_and_cruse,cruise_166,0.7236083163517713,0.0830403337887308,6.52345757584279,8.713937954449436,17.699987100765608,True
lift_and_cruse,cruise_167,0.7236119888029038,0.08304066456111506,6.523491448266026,8.713947469319088,17.699987100765608,True
lift_and_cruse,cruise_167,0.7236119888029034,0.08304066456111503,6.5234914482660225,8.713947469319086,17.70411339793634,True
lift_and_cruse,cruise_167,0.723611988802903,0.083040664561115,6.523491448266019,8.713947469319084,17.71567502568816,True
lift_and_cruse,cruise_167,0.7236119888029034,0.08304066456111503,6.5234914482660225,8.713947469319086,17.732382061850764,True
lift_and_cruse,cruise_167,0.7236119888029029,0.08304066456111497,6.523491448266016,8.713947469319086,17.750925473013787,True
lift_and_cruse,cruise_167,0.7236119888029034,0.08304066456111503,6.5234914482660225,8.713947469319086,17.767632509176387,True
lift_and_cruse,cruise_167,0.723611988802903,0.083040664561115,6.523491448266021,8.713947469319084,17.779194136928208,True
lift_and_cruse,cruise_167,0.723611988802903,0.083040664561115,6.523491448266019,8.713947469319084,17.78332043409894,True
lift_and_cruse,cruise_168,0.7236156907699565,0.08304099799374093,6.523525592934273,8.713957060396815,17.78332043409894,True
lift_and_cruse,cruise_168,0.7236156907701211,0.08304099799375517,6.523525592935781,8.713957060397304,17.78744673126967,True
lift_and_cruse,cruise_168,0.7236156907701211,0.08304099799375517,6.523525592935781,8.713957060397304,17.799008359021496,True
lift_and_cruse,cruise_168,0.7236156907701217,0.08304099799375522,6.523525592935785,8.713957060397304,17.815715395184096,True
lift_and_cruse,cruise_168,0.7236156907707662,0.08304099799381096,6.5235255929416835,8.713957060399217,17.83425880634712,True
lift_and_cruse,cruise_168,0.7236156907701211,0.08304099799375517,6.523525592935782,8.713957060397304,17.85096584250972,True
lift_and_cruse,cruise_168,0.7236156907700855,0.08304099799375209,6.523525592935456,8.713957060397197,17.86252747026154,True
lift_and_cruse,cruise_168,0.7236156907701214,0.0830409979937552,6.523525592935783,8.713957060397304,17.866653767432275,True
lift_and_cruse,cruise_169,0.7236194227227487,0.0830413341290131,6.5235600141819985,8.713966728888686,17.866653767432275,True
lift_and_cruse,cruise_169,0.7236194227358456,0.08304133413014554,6.523560014301827,8.713966728927568,17.870780064603007,True
lift_and_cruse,cruise_169,0.723619422735846,0.08304133413014557,6.523560014301831,8.71396672892757,17.882341692354828,True
lift_and_cruse,cruise_169,0.7236194227372181,0.08304133413026422,6.523560014314384,8.713966728931643,17.89904872851743,True
lift_and_cruse,cruise_169,0.7236194227364138,0.08304133413019468,6.523560014307026,8.713966728929254,17.91759213968045,True
lift_and_cruse,cruise_169,0.7236194227357822,0.08304133413014006,6.523560014301245,8.71396672892738,17.93429917584305,True
lift_and_cruse,cruise_169,0.7236194227354219,0.08304133413010889,6.523560014297949,8.713966728926312,17.945860803594876,True
lift_and_cruse,cruise_169,0.723619422735272,0.08304133413009593,6.523560014296578,8.713966728925868,17.949987100765608,True
lift_and_cruse,cruise_170,0.7236231851934658,0.08304167301477342,6.523594716915155,8.71397647618119,17.949987100765608,True
lift_and_cruse,cruise_170,0.7236231851944579,0.08304167301485921,6.523594716924234,8.713976476184133,17.95411339793634,True
lift_and_cruse,cruise_170,0.7236231851945416,0.08304167301486642,6.523594716924998,8.713976476184385,17.96567502568816,True
lift_and_cruse,cruise_170,0.7236231851961028,0.08304167301500143,6.523594716939281,8.713976476189018,17.982382061850764,True
lift_and_cruse,cruise_170,0.723623185194458,0.08304167301485921,6.523594716924233,8.713976476184135,18.000925473013787,True
lift_and_cruse,cruise_170,0.723623185194458,0.08304167301485921,6.523594716924233,8.713976476184135,18.017632509176387,True
lift_and_cruse,cruise_170,0.7236231851946427,0.08304167301487517,6.523594716925922,8.713976476184685,18.029194136928208,True
lift_and_cruse,cruise_170,0.7236231851944669,0.08304167301485998,6.523594716924315,8.713976476184161,18.03332043409894,True
lift_and_cruse,cruise_171,0.7236269786527186,0.08304201469358527,6.523629705477261,8.713986303473156,18.03332043409894,True
lift_and_cruse,cruise_171,0.7236269786526964,0.08304201469358334,6.523629705477056,8.71398630347309,18.03744673126967,True
lift_and_cruse,cruise_171,0.723626978652696,0.08304201469358333,6.523629705477054,8.713986303473087,18.049008359021496,True
lift_and_cruse,cruise_171,0.7236269786526976,0.08304201469358345,6.523629705477068,8.713986303473094,18.065715395184096,True
lift_and_cruse,cruise_171,0.7236269786526983,0.08304201469358352,6.523629705477075,8.713986303473096,18.08425880634712,True
lift_and_cruse,cruise_171,0.7236269786526992,0.0830420146935836,6.523629705477085,8.713986303473098,18.10096584250972,True
lift_and_cruse,cruise_171,0.7236269786527002,0.08304201469358366,6.5236297054770915,8.713986303473103,18.11252747026154,True
lift_and_cruse,cruise_171,0.7236269786527001,0.08304201469358366,6.52362970547709,8.713986303473101,18.116653767432275,True
lift_and_cruse,cruise_172,0.7236308036301042,0.08304235921316001,6.523664984752465,8.71399621213348,18.116653767432275,True
lift_and_cruse,cruise_172,0.7236308036300755,0.08304235921315756,6.523664984752204,8.713996212133393,18.120780064603007,True
lift_and_cruse,cruise_172,0.7236308036300756,0.08304235921315756,6.523664984752208,8.713996212133393,18.132341692354828,True
lift_and_cruse,cruise_172,0.7236308036300776,0.08304235921315774,6.523664984752223,8.713996212133399,18.14904872851743,True
lift_and_cruse,cruise_172,0.7236308036300785,0.0830423592131578,6.523664984752231,8.713996212133404,18.16759213968045,True
lift_and_cruse,cruise_172,0.7236308036300794,0.08304235921315788,6.52366498475224,8.713996212133406,18.18429917584305,True
lift_and_cruse,cruise_172,0.7236308036300803,0.08304235921315795,6.523664984752248,8.71399621213341,18.195860803594876,True
lift_and_cruse,cruise_172,0.7236308036300808,0.08304235921315799,6.523664984752251,8.713996212133411,18.199987100765608,True
lift_and_cruse,cruise_173,0.7236346606593193,0.08304270662161237,6.523700559663423,8.714006203538036,18.199987100765608,True
lift_and_cruse,cruise_173,0.7236346606593189,0.08304270662161234,6.5237005596634186,8.714006203538034,18.20411339793634,True
lift_and_cruse,cruise_173,0.7236346606593189,0.08304270662161234,6.5237005596634186,8.714006203538034,18.21567502568816,True
lift_and_cruse,cruise_173,0.7236346606593193,0.08304270662161237,6.523700559663423,8.714006203538036,18.232382061850764,True
lift_and_cruse,cruise_173,0.7236346606593193,0.08304270662161237,6.523700559663422,8.714006203538036,18.250925473013787,True
lift_and_cruse,cruise_173,0.7236346606593187,0.08304270662161234,6.523700559663419,8.714006203538032,18.267632509176387,True
lift_and_cruse,cruise_173,0.7236346606593201,0.08304270662161245,6.523700559663429,8.714006203538037,18.279194136928208,True
lift_and_cruse,cruise_173,0.7236346606593193,0.08304270662161237,6.523700559663423,8.714006203538036,18.28332043409894,True
lift_and_cruse,cruise_174,0.7236385502767445,0.08304305696733993,6.52373643515835,8.714016279065266,18.28332043409894,True
lift_and_cruse,cruise_174,0.7236385502864862,0.08304305696818226,6.5237364352474785,8.714016279094187,18.28744673126967,True
lift_and_cruse,cruise_174,0.7236385502865257,0.08304305696818567,6.523736435247841,8.714016279094304,18.299008359021496,True
lift_and_cruse,cruise_174,0.723638550286574,0.08304305696818985,6.523736435248283,8.714016279094448,18.315715395184096,True
lift_and_cruse,cruise_174,0.7236385502868152,0.08304305696821071,6.523736435250489,8.714016279095164,18.33425880634712,True
lift_and_cruse,cruise_174,0.7236385502868152,0.08304305696821071,6.523736435250489,8.714016279095164,18.35096584250972,True
lift_and_cruse,cruise_174,0.7236385502868149,0.08304305696821068,6.523736435250487,8.714016279095164,18.36252747026154,True
lift_and_cruse,cruise_174,0.7236385502868152,0.08304305696821071,6.52373643525049,8.714016279095164,18.366653767432275,True
lift_and_cruse,cruise_175,0.7236424730736415,0.08304341030353826,6.523772616688648,8.714026440250962,18.366653767432275,True
lift_and_cruse,cruise_175,0.7236424730730163,0.0830434103034842,6.523772616682926,8.714026440249107,18.370780064603007,True
lift_and_cruse,cruise_175,0.7236424730730138,0.08304341030348397,6.523772616682903,8.714026440249098,18.382341692354828,True
lift_and_cruse,cruise_175,0.7236424730684681,0.0830434103030909,6.5237726166413115,8.714026440235607,18.39904872851743,True
lift_and_cruse,cruise_175,0.7236424730586819,0.08304341030224471,6.523772616551775,8.714026440206556,18.41759213968045,True
lift_and_cruse,cruise_175,0.7236424730197052,0.08304341029887444,6.523772616195161,8.714026440090857,18.43429917584305,True
lift_and_cruse,cruise_175,0.7236424730168546,0.08304341029862794,6.523772616169077,8.714026440082396,18.445860803594876,True
lift_and_cruse,cruise_175,0.7236424730064709,0.08304341029773007,6.523772616074074,8.714026440051573,18.449987100765608,True
lift_and_cruse,cruise_176,0.7236464295932656,0.08304376667930605,6.523809109267579,8.714036688482647,18.449987100765608,True
lift_and_cruse,cruise_176,0.7236464295932923,0.08304376667930835,6.523809109267821,8.714036688482725,18.45411339793634,True
lift_and_cruse,cruise_176,0.7236464295932654,0.08304376667930603,6.523809109267577,8.714036688482645,18.46567502568816,True
lift_and_cruse,cruise_176,0.7236464295932662,0.0830437666793061,6.523809109267583,8.714036688482647,18.482382061850764,True
lift_and_cruse,cruise_176,0.723646429593266,0.08304376667930606,6.52380910926758,8.714036688482649,18.500925473013787,True
lift_and_cruse,cruise_176,0.7236464295933468,0.08304376667931306,6.523809109268321,8.714036688482889,18.517632509176387,True
lift_and_cruse,cruise_176,0.7236464295934426,0.08304376667932134,6.523809109269195,8.714036688483173,18.529194136928208,True
lift_and_cruse,cruise_176,0.7236464295934778,0.0830437666793244,6.523809109269521,8.714036688483276,18.53332043409894,True
lift_and_cruse,cruise_177,0.7236504204402348,0.08304412614910428,6.523845918470968,8.71404702532402,18.53332043409894,True
lift_and_cruse,cruise_177,0.7236504204376545,0.08304412614888115,6.5238459184473605,8.714047025316361,18.53744673126967,True
lift_and_cruse,cruise_177,0.7236504204376538,0.08304412614888113,6.523845918447358,8.714047025316356,18.549008359021496,True
lift_and_cruse,cruise_177,0.7236504204374741,0.08304412614886558,6.523845918445712,8.714047025315823,18.565715395184096,True
lift_and_cruse,cruise_177,0.7236504204373398,0.08304412614885395,6.523845918444482,8.714047025315427,18.58425880634712,True
lift_and_cruse,cruise_177,0.723650420437413,0.08304412614886031,6.523845918445152,8.71404702531564,18.60096584250972,True
lift_and_cruse,cruise_177,0.7236504204375467,0.08304412614887184,6.523845918446374,8.71404702531604,18.61252747026154,True
lift_and_cruse,cruise_177,0.7236504204376495,0.08304412614888076,6.523845918447318,8.714047025316342,18.616653767432275,True
lift_and_cruse,cruise_178,0.7236544462121194,0.08304448876684274,6.523883049811328,8.714057452311678,18.616653767432275,True
lift_and_cruse,cruise_178,0.7236544462122096,0.08304448876685055,6.523883049812153,8.714057452311945,18.620780064603007,True
lift_and_cruse,cruise_178,0.7236544462122091,0.08304448876685051,6.5238830498121505,8.714057452311943,18.632341692354828,True
lift_and_cruse,cruise_178,0.7236544462121408,0.08304448876684462,6.523883049811525,8.714057452311739,18.64904872851743,True
lift_and_cruse,cruise_178,0.7236544462122091,0.08304448876685051,6.5238830498121505,8.714057452311943,18.66759213968045,True
lift_and_cruse,cruise_178,0.7236544462121386,0.08304448876684442,6.523883049811507,8.714057452311733,18.68429917584305,True
lift_and_cruse,cruise_178,0.7236544462116066,0.0830444887667984,6.523883049806637,8.714057452310154,18.695860803594876,True
lift_and_cruse,cruise_178,0.7236544462122094,0.08304448876685053,6.523883049812151,8.714057452311945,18.699987100765608,True
lift_and_cruse,cruise_179,0.7236585075390652,0.08304485458930823,6.523920509100423,8.714067971072515,18.699987100765608,True
lift_and_cruse,cruise_179,0.7236585075391285,0.08304485458931368,6.523920509101001,8.714067971072705,18.70411339793634,True
lift_and_cruse,cruise_179,0.723658507539133,0.08304485458931407,6.523920509101041,8.714067971072717,18.71567502568816,True
lift_and_cruse,cruise_179,0.723658507539133,0.08304485458931407,6.523920509101041,8.714067971072717,18.732382061850764,True
lift_and_cruse,cruise_179,0.7236585075391329,0.08304485458931407,6.523920509101042,8.714067971072717,18.750925473013787,True
lift_and_cruse,cruise_179,0.7236585075391329,0.08304485458931407,6.523920509101042,8.714067971072717,18.767632509176387,True
lift_and_cruse,cruise_179,0.723658507539133,0.08304485458931407,6.523920509101043,8.714067971072717,18.779194136928208,True
lift_and_cruse,cruise_179,0.7236585075391329,0.08304485458931407,6.523920509101042,8.714067971072717,18.78332043409894,True
lift_and_cruse,cruise_180,0.7236626050574513,0.08304522367388903,6.523958302208295,8.714078583245291,18.78332043409894,True
lift_and_cruse,cruise_180,0.7236626050574514,0.08304522367388906,6.523958302208298,8.714078583245291,18.78744673126967,True
lift_and_cruse,cruise_180,0.7236626050574514,0.08304522367388906,6.523958302208298,8.714078583245291,18.799008359021496,True
lift_and_cruse,cruise_180,0.7236626050573806,0.08304522367388292,6.5239583022076495,8.714078583245081,18.815715395184096,True
lift_and_cruse,cruise_180,0.723662605057452,0.08304522367388906,6.5239583022083005,8.714078583245296,18.83425880634712,True
lift_and_cruse,cruise_180,0.7236626050573884,0.08304522367388359,6.523958302207721,8.714078583245106,18.85096584250972,True
lift_and_cruse,cruise_180,0.7236626050574515,0.08304522367388903,6.523958302208295,8.714078583245294,18.86252747026154,True
lift_and_cruse,cruise_180,0.7236626050570933,0.08304522367385811,6.523958302205024,8.714078583244227,18.866653767432275,True
lift_and_cruse,cruise_181,0.7236667394236291,0.08304559607976521,6.52399643518904,8.714089290521173,18.866653767432275,True
lift_and_cruse,cruise_181,0.7236667394236291,0.08304559607976521,6.52399643518904,8.714089290521173,18.870780064603007,True
lift_and_cruse,cruise_181,0.7236667394235142,0.08304559607975529,6.523996435187989,8.71408929052083,18.882341692354828,True
lift_and_cruse,cruise_181,0.7236667394236291,0.08304559607976521,6.52399643518904,8.714089290521173,18.89904872851743,True
lift_and_cruse,cruise_181,0.7236667394236295,0.08304559607976524,6.523996435189043,8.714089290521175,18.91759213968045,True
lift_and_cruse,cruise_181,0.7236667394236294,0.08304559607976522,6.523996435189042,8.714089290521175,18.93429917584305,True
lift_and_cruse,cruise_181,0.7236667394236291,0.08304559607976521,6.52399643518904,8.714089290521173,18.945860803594876,True
lift_and_cruse,cruise_181,0.7236667394236298,0.08304559607976528,6.523996435189046,8.714089290521175,18.949987100765608,True
lift_and_cruse,cruise_182,0.723670911312349,0.08304597186777493,6.524034914266421,8.714100094638804,18.949987100765608,True
lift_and_cruse,cruise_182,0.7236709113122094,0.08304597186776286,6.524034914265143,8.71410009463839,18.95411339793634,True
lift_and_cruse,cruise_182,0.7236709113120735,0.08304597186775112,6.5240349142639005,8.714100094637987,18.96567502568816,True
lift_and_cruse,cruise_182,0.7236709113105101,0.08304597186761593,6.524034914249597,8.714100094633345,18.982382061850764,True
lift_and_cruse,cruise_182,0.723670911311686,0.08304597186771759,6.524034914260355,8.714100094636839,19.000925473013787,True
lift_and_cruse,cruise_182,0.7236709113115304,0.08304597186770415,6.52403491425893,8.714100094636374,19.017632509176387,True
lift_and_cruse,cruise_182,0.7236709113113119,0.08304597186768527,6.524034914256934,8.714100094635725,19.029194136928208,True
lift_and_cruse,cruise_182,0.7236709113122093,0.08304597186776283,6.52403491426514,8.714100094638392,19.03332043409894,True
lift_and_cruse,cruise_183,0.7236751214166747,0.08304635110040953,6.524073745833163,8.714110997383797,19.03332043409894,True
lift_and_cruse,cruise_183,0.7236751214164824,0.08304635110039293,6.524073745831407,8.714110997383223,19.03744673126967,True
lift_and_cruse,cruise_183,0.7236751214164824,0.08304635110039293,6.524073745831407,8.714110997383223,19.049008359021496,True
lift_and_cruse,cruise_183,0.7236751214164826,0.08304635110039295,6.524073745831408,8.714110997383225,19.065715395184096,True
lift_and_cruse,cruise_183,0.7236751214164825,0.08304635110039293,6.524073745831406,8.714110997383225,19.08425880634712,True
lift_and_cruse,cruise_183,0.7236751214164827,0.08304635110039296,6.524073745831409,8.714110997383225,19.10096584250972,True
lift_and_cruse,cruise_183,0.7236751214164824,0.08304635110039293,6.524073745831407,8.714110997383223,19.11252747026154,True
lift_and_cruse,cruise_183,0.7236751214164827,0.08304635110039296,6.5240737458314095,8.714110997383225,19.116653767432275,True
lift_and_cruse,cruise_184,0.7570819868550381,0.08612903111401267,6.832549084059034,8.790090600843477,19.116653767432275,True
lift_and_cruse,cruise_184,0.7570819868352007,0.08612903111220743,6.832549083877047,8.790090600797392,19.120780064603007,True
lift_and_cruse,cruise_184,0.757081986835202,0.0861290311122076,6.832549083877064,8.79009060079739,19.132341692354828,True
lift_and_cruse,cruise_184,0.7570819868352079,0.08612903111220813,6.832549083877117,8.790090600797404,19.14904872851743,True
lift_and_cruse,cruise_184,0.7570819868352112,0.08612903111220843,6.832549083877148,8.790090600797413,19.16759213968045,True
lift_and_cruse,cruise_184,0.7570819868352171,0.08612903111220899,6.832549083877201,8.790090600797424,19.18429917584305,True
lift_and_cruse,cruise_184,0.7570819868352213,0.08612903111220935,6.83254908387724,8.790090600797436,19.195860803594876,True
lift_and_cruse,cruise_184,0.7570819868352221,0.0861290311122094,6.832549083877246,8.79009060079744,19.199987100765608,True
lift_and_cruse,cruise_185,0.7570821007714728,0.08612904187848683,6.832550137173898,8.79009082487629,19.199987100765608,True
lift_and_cruse,cruise_185,0.7570821007685817,0.08612904187822375,6.832550137147377,8.790090824869573,19.20411339793634,True
lift_and_cruse,cruise_185,0.7570821008101736,0.08612904188200854,6.832550137528928,8.790090824966208,19.21567502568816,True
lift_and_cruse,cruise_185,0.7570821008032943,0.08612904188138255,6.832550137465819,8.790090824950223,19.232382061850764,True
lift_and_cruse,cruise_185,0.7570821007851101,0.08612904187972778,6.832550137299001,8.790090824907978,19.250925473013787,True
lift_and_cruse,cruise_185,0.7570821008101974,0.08612904188201073,6.832550137529148,8.790090824966262,19.267632509176387,True
lift_and_cruse,cruise_185,0.7570821008101994,0.08612904188201091,6.832550137529165,8.790090824966267,19.279194136928208,True
lift_and_cruse,cruise_185,0.7570821008102012,0.08612904188201106,6.832550137529181,8.790090824966272,19.28332043409894,True
lift_and_cruse,cruise_186,0.7570822158040023,0.08612905274801544,6.832551200598288,8.790091051145883,19.28332043409894,True
lift_and_cruse,cruise_186,0.7570822157851549,0.0861290527463004,6.83255120042539,8.790091051102088,19.28744673126967,True
lift_and_cruse,cruise_186,0.7570822157851547,0.08612905274630037,6.832551200425389,8.79009105110209,19.299008359021496,True
lift_and_cruse,cruise_186,0.7570822157851559,0.08612905274630048,6.8325512004253985,8.790091051102092,19.315715395184096,True
lift_and_cruse,cruise_186,0.7570822157851608,0.08612905274630092,6.832551200425445,8.790091051102104,19.33425880634712,True
lift_and_cruse,cruise_186,0.757082215785166,0.08612905274630141,6.832551200425491,8.790091051102115,19.35096584250972,True
lift_and_cruse,cruise_186,0.7570822157851683,0.08612905274630157,6.832551200425509,8.790091051102124,19.36252747026154,True
lift_and_cruse,cruise_186,0.757082215785175,0.0861290527463022,6.8325512004255735,8.790091051102138,19.366653767432275,True
lift_and_cruse,cruise_187,0.7570823317949619,0.08612906370831516,6.832552272887134,8.79009127927941,19.366653767432275,True
lift_and_cruse,cruise_187,0.7570823317764864,0.08612906370663392,6.832552272717646,8.790091279236485,19.370780064603007,True
lift_and_cruse,cruise_187,0.7570823317764886,0.08612906370663412,6.832552272717666,8.79009127923649,19.382341692354828,True
lift_and_cruse,cruise_187,0.7570823317764886,0.08612906370663412,6.832552272717666,8.79009127923649,19.39904872851743,True
lift_and_cruse,cruise_187,0.7570823317764922,0.08612906370663445,6.832552272717701,8.790091279236497,19.41759213968045,True
lift_and_cruse,cruise_187,0.7570823317764994,0.08612906370663509,6.8325522727177646,8.790091279236517,19.43429917584305,True
lift_and_cruse,cruise_187,0.7570823317765069,0.08612906370663578,6.832552272717835,8.790091279236531,19.445860803594876,True
lift_and_cruse,cruise_187,0.7570823317765049,0.08612906370663562,6.832552272717817,8.790091279236526,19.449987100765608,True
lift_and_cruse,cruise_188,0.7570824487688891,0.08612907476168452,6.832553354266866,8.790091509327182,19.449987100765608,True
lift_and_cruse,cruise_188,0.7570824487308996,0.08612907475822751,6.832553353918364,8.790091509238918,19.45411339793634,True
lift_and_cruse,cruise_188,0.7570824487253898,0.0861290747577261,6.832553353867818,8.790091509226118,19.46567502568816,True
lift_and_cruse,cruise_188,0.7570824487205783,0.08612907475728829,6.832553353823679,8.790091509214937,19.482382061850764,True
lift_and_cruse,cruise_188,0.7570824487157867,0.08612907475685226,6.832553353779723,8.790091509203803,19.500925473013787,True
lift_and_cruse,cruise_188,0.7570824487958681,0.08612907476413956,6.8325533545143635,8.790091509389866,19.517632509176387,True
lift_and_cruse,cruise_188,0.7570824487707564,0.08612907476185441,6.832553354283995,8.790091509331521,19.529194136928208,True
lift_and_cruse,cruise_188,0.7570824488030594,0.08612907476479396,6.832553354580335,8.790091509406574,19.53332043409894,True
lift_and_cruse,cruise_189,0.757082566903533,0.08612908592436606,6.8325544463694685,8.790091741695276,19.53332043409894,True
lift_and_cruse,cruise_189,0.7570825668858829,0.08612908592275995,6.832554446207555,8.790091741654267,19.53744673126967,True
lift_and_cruse,cruise_189,0.7570825668858775,0.08612908592275945,6.832554446207505,8.790091741654255,19.549008359021496,True
lift_and_cruse,cruise_189,0.7570825668858826,0.08612908592275992,6.832554446207552,8.790091741654265,19.565715395184096,True
lift_and_cruse,cruise_189,0.7570825668858877,0.08612908592276036,6.832554446207597,8.79009174165428,19.58425880634712,True
lift_and_cruse,cruise_189,0.757082566885899,0.08612908592276139,6.8325544462077,8.790091741654306,19.60096584250972,True
lift_and_cruse,cruise_189,0.757082566885904,0.08612908592276186,6.832554446207748,8.790091741654315,19.61252747026154,True
lift_and_cruse,cruise_189,0.7570825668859116,0.08612908592276253,6.832554446207817,8.790091741654335,19.616653767432275,True
lift_and_cruse,cruise_190,0.757082686040849,0.08612909718204748,6.832555547746506,8.790091976009396,19.616653767432275,True
lift_and_cruse,cruise_190,0.7570826860430325,0.08612909718224615,6.832555547766536,8.790091976014471,19.620780064603007,True
lift_and_cruse,cruise_190,0.7570826860430292,0.08612909718224585,6.832555547766506,8.790091976014464,19.632341692354828,True
lift_and_cruse,cruise_190,0.757082686043029,0.08612909718224585,6.832555547766505,8.79009197601446,19.64904872851743,True
lift_and_cruse,cruise_190,0.7570826860430326,0.08612909718224616,6.832555547766537,8.790091976014471,19.66759213968045,True
lift_and_cruse,cruise_190,0.7570826860430289,0.08612909718224579,6.8325555477665,8.790091976014466,19.68429917584305,True
lift_and_cruse,cruise_190,0.7570826860430308,0.086129097182246,6.832555547766521,8.790091976014466,19.695860803594876,True
lift_and_cruse,cruise_190,0.7570826860430323,0.08612909718224614,6.8325555477665345,8.790091976014471,19.699987100765608,True
lift_and_cruse,cruise_191,0.7570828063159712,0.08612910854709731,6.832556659639099,8.79009221257621,19.699987100765608,True
lift_and_cruse,cruise_191,0.7570828062958685,0.08612910854526798,6.832556659454681,8.790092212529505,19.70411339793634,True
lift_and_cruse,cruise_191,0.7570828062958658,0.0861291085452677,6.832556659454656,8.790092212529501,19.71567502568816,True
lift_and_cruse,cruise_191,0.7570828062958654,0.0861291085452677,6.832556659454653,8.790092212529498,19.732382061850764,True
lift_and_cruse,cruise_191,0.7570828062958713,0.08612910854526823,6.832556659454706,8.790092212529512,19.750925473013787,True
lift_and_cruse,cruise_191,0.7570828062958891,0.08612910854526985,6.832556659454871,8.790092212529553,19.767632509176387,True
lift_and_cruse,cruise_191,0.7570828062959062,0.0861291085452714,6.832556659455027,8.790092212529593,19.779194136928208,True
lift_and_cruse,cruise_191,0.7570828062959183,0.0861291085452725,6.832556659455137,8.790092212529622,19.78332043409894,True
lift_and_cruse,cruise_192,0.7570829276610018,0.08612912001341046,6.8325577814258684,8.790092451230462,19.78332043409894,True
lift_and_cruse,cruise_192,0.7570829276649887,0.0861291200137733,6.832557781462447,8.79009245123972,19.78744673126967,True
lift_and_cruse,cruise_192,0.7570829276649887,0.08612912001377329,6.832557781462446,8.790092451239722,19.799008359021496,True
lift_and_cruse,cruise_192,0.7570829276649887,0.0861291200137733,6.832557781462447,8.79009245123972,19.815715395184096,True
lift_and_cruse,cruise_192,0.7570829276649885,0.08612912001377326,6.8325577814624445,8.790092451239722,19.83425880634712,True
lift_and_cruse,cruise_192,0.7570829276649885,0.08612912001377326,6.8325577814624445,8.790092451239722,19.85096584250972,True
lift_and_cruse,cruise_192,0.7570829276649887,0.08612912001377329,6.832557781462445,8.790092451239722,19.86252747026154,True
lift_and_cruse,cruise_192,0.7570829276649891,0.08612912001377332,6.832557781462449,8.790092451239724,19.866653767432275,True
lift_and_cruse,cruise_193,0.757083050143562,0.08612913158721633,6.832558913728691,8.790092692121508,19.866653767432275,True
lift_and_cruse,cruise_193,0.7570830501719578,0.08612913158980032,6.832558913989186,8.790092692187482,19.870780064603007,True
lift_and_cruse,cruise_193,0.757083050145229,0.08612913158736803,6.832558913743984,8.79009269212538,19.882341692354828,True
lift_and_cruse,cruise_193,0.7570830501476152,0.08612913158758514,6.832558913765875,8.790092692130928,19.89904872851743,True
lift_and_cruse,cruise_193,0.7570830501719731,0.0861291315898017,6.832558913989326,8.790092692187518,19.91759213968045,True
lift_and_cruse,cruise_193,0.7570830501456437,0.08612913158740573,6.8325589137477865,8.790092692126347,19.93429917584305,True
lift_and_cruse,cruise_193,0.7570830501456784,0.08612913158740892,6.832558913748108,8.790092692126425,19.945860803594876,True
lift_and_cruse,cruise_193,0.7570830501479423,0.08612913158761493,6.832558913768876,8.790092692131687,19.949987100765608,True
lift_and_cruse,cruise_194,0.7570831738378707,0.08612914327534661,6.832560057230009,8.79009293541384,19.949987100765608,True
lift_and_cruse,cruise_194,0.7570831738403361,0.08612914327557096,6.832560057252627,8.790092935419567,19.95411339793634,True
lift_and_cruse,cruise_194,0.7570831738403356,0.08612914327557095,6.832560057252623,8.790092935419564,19.96567502568816,True
lift_and_cruse,cruise_194,0.7570831738403359,0.08612914327557095,6.832560057252625,8.790092935419567,19.982382061850764,True
lift_and_cruse,cruise_194,0.7570831738403356,0.08612914327557095,6.832560057252623,8.790092935419564,20.000925473013787,True
lift_and_cruse,cruise_194,0.7570831738403359,0.08612914327557095,6.832560057252625,8.790092935419567,20.017632509176387,True
lift_and_cruse,cruise_194,0.7570831738403359,0.08612914327557095,6.832560057252625,8.790092935419567,20.029194136928208,True
lift_and_cruse,cruise_194,0.7570831738403359,0.08612914327557095,6.832560057252625,8.790092935419567,20.03332043409894,True
lift_and_cruse,cruise_195,0.7570832986646201,0.08612915507066485,6.832561211203908,8.790093180914981,20.03332043409894,True
lift_and_cruse,cruise_195,0.7570832986439575,0.08612915506878457,6.832561211014355,8.790093180866975,20.03744673126967,True
lift_and_cruse,cruise_195,0.7570832986705978,0.0861291550712088,6.832561211258743,8.79009318092887,20.049008359021496,True
lift_and_cruse,cruise_195,0.7570832986913304,0.08612915507309546,6.832561211448938,8.79009318097704,20.065715395184096,True
lift_and_cruse,cruise_195,0.7570832986787331,0.08612915507194913,6.832561211333375,8.790093180947771,20.08425880634712,True
lift_and_cruse,cruise_195,0.7570832986913449,0.08612915507309679,6.832561211449072,8.790093180977072,20.10096584250972,True
lift_and_cruse,cruise_195,0.7570832986913497,0.08612915507309718,6.8325612114491125,8.790093180977088,20.11252747026154,True
lift_and_cruse,cruise_195,0.757083298636919,0.08612915506814407,6.832561210949785,8.790093180850622,20.116653767432275,True
lift_and_cruse,cruise_196,0.7570834247484324,0.08612916698459433,6.832562376795311,8.790093428906024,20.116653767432275,True
lift_and_cruse,cruise_196,0.7570834247503356,0.08612916698476752,6.83256237681277,8.790093428910447,20.120780064603007,True
lift_and_cruse,cruise_196,0.7570834247503357,0.08612916698476754,6.8325623768127715,8.790093428910447,20.132341692354828,True
lift_and_cruse,cruise_196,0.7570834247503353,0.08612916698476747,6.832562376812767,8.790093428910449,20.14904872851743,True
lift_and_cruse,cruise_196,0.7570834247503356,0.08612916698476752,6.83256237681277,8.790093428910447,20.16759213968045,True
lift_and_cruse,cruise_196,0.7570834247503356,0.08612916698476752,6.83256237681277,8.790093428910447,20.18429917584305,True
lift_and_cruse,cruise_196,0.7570834247503356,0.08612916698476754,6.832562376812771,8.790093428910446,20.195860803594876,True
lift_and_cruse,cruise_196,0.7570834247503356,0.08612916698476752,6.83256237681277,8.790093428910447,20.199987100765608,True
lift_and_cruse,cruise_197,0.7570835520149946,0.08612917901045797,6.832563553324221,8.790093679205604,20.199987100765608,True
lift_and_cruse,cruise_197,0.757083552028849,0.08612917901171874,6.832563553451319,8.79009367923779,20.20411339793634,True
lift_and_cruse,cruise_197,0.7570835520401182,0.08612917901274422,6.8325635535546985,8.790093679263974,20.21567502568816,True
lift_and_cruse,cruise_197,0.757083551967225,0.08612917900611101,6.832563552886001,8.790093679094614,20.232382061850764,True
lift_and_cruse,cruise_197,0.7570835520243827,0.08612917901131227,6.832563553410344,8.790093679227416,20.250925473013787,True
lift_and_cruse,cruise_197,0.7570835520401226,0.08612917901274458,6.8325635535547375,8.790093679263986,20.267632509176387,True
lift_and_cruse,cruise_197,0.7570835519923621,0.08612917900839845,6.8325635531165965,8.790093679153019,20.279194136928208,True
lift_and_cruse,cruise_197,0.7570835520116175,0.08612917901015066,6.83256355329324,8.790093679197758,20.28332043409894,True
lift_and_cruse,cruise_198,0.7570836805733535,0.08612919115826692,6.832564741792794,8.790093932058092,20.28332043409894,True
lift_and_cruse,cruise_198,0.757083680587183,0.08612919115952536,6.832564741919657,8.790093932090226,20.28744673126967,True
lift_and_cruse,cruise_198,0.7570836805871852,0.08612919115952558,6.83256474191968,8.79009393209023,20.299008359021496,True
lift_and_cruse,cruise_198,0.757083680587182,0.0861291911595253,6.832564741919652,8.79009393209022,20.315715395184096,True
lift_and_cruse,cruise_198,0.7570836805871862,0.08612919115952569,6.8325647419196915,8.79009393209023,20.33425880634712,True
lift_and_cruse,cruise_198,0.7570836805871942,0.08612919115952641,6.832564741919763,8.79009393209025,20.35096584250972,True
lift_and_cruse,cruise_198,0.757083680587183,0.08612919115952539,6.832564741919661,8.790093932090222,20.36252747026154,True
lift_and_cruse,cruise_198,0.757083680587183,0.08612919115952536,6.832564741919657,8.790093932090226,20.366653767432275,True
lift_and_cruse,cruise_199,0.7570838103922589,0.08612920342526818,6.83256594191618,8.79009418738162,20.366653767432275,True
lift_and_cruse,cruise_199,0.757083810416679,0.08612920342749038,6.832565942140204,8.790094187438358,20.370780064603007,True
lift_and_cruse,cruise_199,0.7570838103518662,0.0861292034215925,6.832565941545632,8.790094187287771,20.382341692354828,True
lift_and_cruse,cruise_199,0.7570838103980957,0.08612920342579933,6.832565941969728,8.79009418739518,20.39904872851743,True
lift_and_cruse,cruise_199,0.7570838104166929,0.08612920342749167,6.832565942140334,8.790094187438386,20.41759213968045,True
lift_and_cruse,cruise_199,0.7570838104093139,0.08612920342682018,6.83256594207264,8.790094187421245,20.43429917584305,True
lift_and_cruse,cruise_199,0.7570838104166975,0.08612920342749208,6.832565942140374,8.790094187438397,20.445860803594876,True
lift_and_cruse,cruise_199,0.7570838104114163,0.08612920342701148,6.832565942091924,8.79009418742613,20.449987100765608,True
lift_and_cruse,cruise_200,0.7570839415428035,0.08612921581802481,6.83256715434847,8.790094445331798,20.449987100765608,True
lift_and_cruse,cruise_200,0.7570839415559342,0.08612921581921967,6.832567154468926,8.790094445362307,20.45411339793634,True
lift_and_cruse,cruise_200,0.7570839415559436,0.08612921581922056,6.832567154469013,8.790094445362326,20.46567502568816,True
lift_and_cruse,cruise_200,0.7570839415559382,0.08612921581922006,6.832567154468964,8.790094445362314,20.482382061850764,True
lift_and_cruse,cruise_200,0.7570839415559515,0.08612921581922127,6.8325671544690865,8.790094445362344,20.500925473013787,True
lift_and_cruse,cruise_200,0.7570839415559596,0.08612921581922202,6.832567154469161,8.790094445362362,20.517632509176387,True
lift_and_cruse,cruise_200,0.7570839415559474,0.0861292158192209,6.832567154469047,8.790094445362335,20.529194136928208,True
lift_and_cruse,cruise_200,0.7570839415559469,0.08612921581922084,6.832567154469042,8.790094445362335,20.53332043409894,True
lift_and_cruse,cruise_201,0.7570840740257951,0.08612922833670686,6.83256837909903,8.79009470590065,20.53332043409894,True
lift_and_cruse,cruise_201,0.7570840740319325,0.0861292283372653,6.8325683791553296,8.790094705914914,20.53744673126967,True
lift_and_cruse,cruise_201,0.7570840740319432,0.0861292283372663,6.832568379155428,8.790094705914937,20.549008359021496,True
lift_and_cruse,cruise_201,0.7570840740319422,0.08612922833726622,6.83256837915542,8.790094705914933,20.565715395184096,True
lift_and_cruse,cruise_201,0.7570840740319604,0.08612922833726785,6.832568379155586,8.790094705914978,20.58425880634712,True
lift_and_cruse,cruise_201,0.7570840740319584,0.08612922833726769,6.832568379155568,8.79009470591497,20.60096584250972,True
lift_and_cruse,cruise_201,0.7570840740319692,0.08612922833726866,6.832568379155666,8.790094705914997,20.61252747026154,True
lift_and_cruse,cruise_201,0.7570840740319762,0.0861292283372693,6.832568379155731,8.790094705915013,20.616653767432275,True
lift_and_cruse,cruise_202,0.7570842078615452,0.08612924098326241,6.832569616356209,8.79009496912518,20.616653767432275,True
lift_and_cruse,cruise_202,0.7570842078740668,0.08612924098440186,6.832569616471079,8.790094969154273,20.620780064603007,True
lift_and_cruse,cruise_202,0.7570842078740756,0.08612924098440267,6.832569616471158,8.790094969154293,20.632341692354828,True
lift_and_cruse,cruise_202,0.7570842078740826,0.0861292409844033,6.832569616471223,8.790094969154309,20.64904872851743,True
lift_and_cruse,cruise_202,0.7570842078740813,0.0861292409844032,6.832569616471211,8.790094969154305,20.66759213968045,True
lift_and_cruse,cruise_202,0.757084207874082,0.08612924098440325,6.832569616471217,8.790094969154309,20.68429917584305,True
lift_and_cruse,cruise_202,0.7570842078740709,0.08612924098440225,6.832569616471117,8.79009496915428,20.695860803594876,True
lift_and_cruse,cruise_202,0.7570842078740829,0.08612924098440335,6.832569616471226,8.790094969154309,20.699987100765608,True
lift_and_cruse,cruise_203,0.7570843431039778,0.08612925376270154,6.832570866616786,8.790095235120157,20.699987100765608,True
lift_and_cruse,cruise_203,0.7570843431108234,0.0861292537633245,6.832570866679587,8.79009523513606,20.70411339793634,True
lift_and_cruse,cruise_203,0.7570843431108276,0.08612925376332489,6.832570866679626,8.790095235136071,20.71567502568816,True
lift_and_cruse,cruise_203,0.7570843431108276,0.08612925376332489,6.832570866679626,8.790095235136071,20.732382061850764,True
lift_and_cruse,cruise_203,0.7570843431108548,0.08612925376332735,6.832570866679875,8.790095235136135,20.750925473013787,True
lift_and_cruse,cruise_203,0.7570843431108608,0.08612925376332789,6.832570866679928,8.79009523513615,20.767632509176387,True
lift_and_cruse,cruise_203,0.7570843431108619,0.08612925376332797,6.832570866679938,8.790095235136155,20.779194136928208,True
lift_and_cruse,cruise_203,0.7570843431108559,0.08612925376332745,6.832570866679885,8.790095235136139,20.78332043409894,True
lift_and_cruse,cruise_204,0.757084479771399,0.08612926667679649,6.832572130050852,8.790095503917254,20.78332043409894,True
lift_and_cruse,cruise_204,0.7570844797730096,0.08612926667694307,6.832572130065629,8.790095503920995,20.78744673126967,True
lift_and_cruse,cruise_204,0.7570844797730336,0.08612926667694523,6.832572130065847,8.790095503921053,20.799008359021496,True
lift_and_cruse,cruise_204,0.7570844797730366,0.08612926667694551,6.832572130065875,8.790095503921059,20.815715395184096,True
lift_and_cruse,cruise_204,0.7570844797730755,0.08612926667694903,6.8325721300662305,8.790095503921151,20.83425880634712,True
lift_and_cruse,cruise_204,0.7570844797730742,0.08612926667694895,6.832572130066222,8.790095503921144,20.85096584250972,True
lift_and_cruse,cruise_204,0.7570844797730952,0.08612926667695085,6.832572130066413,8.790095503921194,20.86252747026154,True
lift_and_cruse,cruise_204,0.7570844797730945,0.08612926667695078,6.832572130066406,8.790095503921192,20.866653767432275,True
lift_and_cruse,cruise_205,0.7570846178852207,0.08612927972760576,6.832573406857063,8.790095775554983,20.866653767432275,True
lift_and_cruse,cruise_205,0.7570846178929154,0.086129279728306,6.832573406927653,8.790095775572855,20.870780064603007,True
lift_and_cruse,cruise_205,0.7570846178929359,0.08612927972830783,6.83257340692784,8.790095775572906,20.882341692354828,True
lift_and_cruse,cruise_205,0.7570846178929326,0.08612927972830756,6.8325734069278115,8.790095775572897,20.89904872851743,True
lift_and_cruse,cruise_205,0.7570846178929553,0.08612927972830961,6.832573406928019,8.79009577557295,20.91759213968045,True
lift_and_cruse,cruise_205,0.7570846178929576,0.08612927972830983,6.832573406928041,8.790095775572954,20.93429917584305,True
lift_and_cruse,cruise_205,0.7570846178929601,0.08612927972831005,6.832573406928062,8.790095775572961,20.945860803594876,True
lift_and_cruse,cruise_205,0.7570846178929689,0.08612927972831085,6.832573406928144,8.790095775572983,20.949987100765608,True
lift_and_cruse,cruise_206,0.7570847575023879,0.08612929292042495,6.832574697560122,8.790096050154043,20.949987100765608,True
lift_and_cruse,cruise_206,0.7570847575023696,0.08612929292042325,6.832574697559951,8.790096050154004,20.95411339793634,True
lift_and_cruse,cruise_206,0.7570847575023731,0.0861292929204236,6.832574697559986,8.790096050154009,20.96567502568816,True
lift_and_cruse,cruise_206,0.7570847575023724,0.08612929292042354,6.832574697559979,8.790096050154006,20.982382061850764,True
lift_and_cruse,cruise_206,0.7570847575023717,0.08612929292042348,6.8325746975599735,8.790096050154004,21.000925473013787,True
lift_and_cruse,cruise_206,0.7570847575023726,0.08612929292042357,6.832574697559983,8.790096050154006,21.017632509176387,True
lift_and_cruse,cruise_206,0.7570847575023734,0.08612929292042362,6.8325746975599895,8.790096050154009,21.029194136928208,True
lift_and_cruse,cruise_206,0.7570847575023705,0.08612929292042337,6.832574697559962,8.790096050154002,21.03332043409894,True
lift_and_cruse,cruise_207,0.7570848986251271,0.08612930625557427,6.832576002182838,8.790096327707605,21.03332043409894,True
lift_and_cruse,cruise_207,0.7570848986342549,0.08612930625640491,6.832576002266575,8.79009632772881,21.03744673126967,True
lift_and_cruse,cruise_207,0.7570848986342655,0.08612930625640589,6.832576002266671,8.790096327728834,21.049008359021496,True
lift_and_cruse,cruise_207,0.7570848986342714,0.08612930625640641,6.832576002266724,8.790096327728849,21.065715395184096,True
lift_and_cruse,cruise_207,0.7570848986342846,0.08612930625640763,6.8325760022668485,8.790096327728879,21.08425880634712,True
lift_and_cruse,cruise_207,0.757084898634294,0.08612930625640847,6.832576002266933,8.790096327728902,21.10096584250972,True
lift_and_cruse,cruise_207,0.7570848986342912,0.08612930625640822,6.832576002266906,8.790096327728895,21.11252747026154,True
lift_and_cruse,cruise_207,0.7570848986342918,0.08612930625640827,6.832576002266913,8.790096327728897,21.116653767432275,True
lift_and_cruse,cruise_208,0.757085041321367,0.08612931973935689,6.832577321350838,8.790096608361068,21.116653767432275,True
lift_and_cruse,cruise_208,0.7570850413241298,0.0861293197396083,6.832577321376181,8.790096608367488,21.120780064603007,True
lift_and_cruse,cruise_208,0.7570850413241521,0.08612931973961031,6.8325773213763865,8.790096608367541,21.132341692354828,True
lift_and_cruse,cruise_208,0.7570850413241584,0.08612931973961092,6.832577321376445,8.790096608367552,21.14904872851743,True
lift_and_cruse,cruise_208,0.7570850413241769,0.0861293197396126,6.832577321376616,8.790096608367595,21.16759213968045,True
lift_and_cruse,cruise_208,0.7570850413241942,0.08612931973961416,6.832577321376773,8.790096608367637,21.18429917584305,True
lift_and_cruse,cruise_208,0.7570850413241973,0.08612931973961442,6.8325773213767995,8.790096608367646,21.195860803594876,True
lift_and_cruse,cruise_208,0.757085041324215,0.08612931973961604,6.832577321376963,8.790096608367685,21.199987100765608,True
lift_and_cruse,cruise_209,0.7570851855980467,0.08612933337253016,6.832578655130331,8.7900968921177,21.199987100765608,True
lift_and_cruse,cruise_209,0.7570851856086678,0.08612933337349665,6.8325786552277625,8.790096892142378,21.20411339793634,True
lift_and_cruse,cruise_209,0.7570851856086734,0.08612933337349715,6.832578655227814,8.790096892142394,21.21567502568816,True
lift_and_cruse,cruise_209,0.7570851856086744,0.08612933337349729,6.832578655227825,8.79009689214239,21.232382061850764,True
lift_and_cruse,cruise_209,0.7570851856086862,0.08612933337349835,6.832578655227934,8.79009689214242,21.250925473013787,True
lift_and_cruse,cruise_209,0.7570851856086888,0.08612933337349857,6.832578655227957,8.790096892142428,21.267632509176387,True
lift_and_cruse,cruise_209,0.7570851856086906,0.08612933337349876,6.832578655227976,8.79009689214243,21.279194136928208,True
lift_and_cruse,cruise_209,0.7570851856086944,0.0861293333734991,6.8325786552280094,8.790096892142438,21.28332043409894,True
lift_and_cruse,cruise_210,0.7570853315202823,0.08612934716115002,6.832580004121315,8.790097179115476,21.28332043409894,True
lift_and_cruse,cruise_210,0.7570853315238323,0.08612934716147308,6.832580004153882,8.790097179123721,21.28744673126967,True
lift_and_cruse,cruise_210,0.757085331523851,0.0861293471614748,6.832580004154055,8.790097179123764,21.299008359021496,True
lift_and_cruse,cruise_210,0.7570853315238523,0.0861293471614749,6.832580004154066,8.79009717912377,21.315715395184096,True
lift_and_cruse,cruise_210,0.7570853315238645,0.08612934716147602,6.832580004154178,8.790097179123796,21.33425880634712,True
lift_and_cruse,cruise_210,0.7570853315238769,0.08612934716147716,6.832580004154293,8.790097179123824,21.35096584250972,True
lift_and_cruse,cruise_210,0.757085331523891,0.08612934716147842,6.832580004154421,8.790097179123858,21.36252747026154,True
lift_and_cruse,cruise_210,0.7570853315239005,0.0861293471614793,6.832580004154509,8.79009717912388,21.366653767432275,True
lift_and_cruse,cruise_211,0.7570854790989393,0.08612936110634038,6.832581368426216,8.790097469365842,21.366653767432275,True
lift_and_cruse,cruise_211,0.7570854791095717,0.08612936110730793,6.832581368523756,8.790097469390544,21.370780064603007,True
lift_and_cruse,cruise_211,0.7570854791095797,0.08612936110730866,6.83258136852383,8.790097469390561,21.382341692354828,True
lift_and_cruse,cruise_211,0.7570854791095911,0.0861293611073097,6.832581368523933,8.790097469390588,21.39904872851743,True
lift_and_cruse,cruise_211,0.7570854791095941,0.08612936110730995,6.832581368523959,8.790097469390597,21.41759213968045,True
lift_and_cruse,cruise_211,0.7570854791095958,0.08612936110731012,6.832581368523975,8.790097469390599,21.43429917584305,True
lift_and_cruse,cruise_211,0.7570854791095968,0.0861293611073102,6.832581368523985,8.790097469390602,21.445860803594876,True
lift_and_cruse,cruise_211,0.7570854791095978,0.08612936110731031,6.832581368523993,8.790097469390602,21.449987100765608,True
lift_and_cruse,cruise_212,0.757085628400046,0.08612937521424974,6.832582748653584,8.790097763007916,21.449987100765608,True
lift_and_cruse,cruise_212,0.7570856284046491,0.08612937521466862,6.832582748695812,8.79009776301861,21.45411339793634,True
lift_and_cruse,cruise_212,0.7570856284046504,0.08612937521466876,6.832582748695824,8.79009776301861,21.46567502568816,True
lift_and_cruse,cruise_212,0.7570856284046723,0.08612937521467076,6.832582748696028,8.790097763018661,21.482382061850764,True
lift_and_cruse,cruise_212,0.7570856284046709,0.08612937521467062,6.832582748696012,8.790097763018657,21.500925473013787,True
lift_and_cruse,cruise_212,0.7570856284046827,0.08612937521467168,6.83258274869612,8.790097763018688,21.517632509176387,True
lift_and_cruse,cruise_212,0.7570856284047033,0.08612937521467356,6.8325827486963115,8.790097763018734,21.529194136928208,True
lift_and_cruse,cruise_212,0.7570856284047006,0.08612937521467331,6.832582748696284,8.790097763018728,21.53332043409894,True
lift_and_cruse,cruise_213,0.7570857794416765,0.08612938948666798,6.832584144972185,8.790098060068871,21.53332043409894,True
lift_and_cruse,cruise_213,0.7570857794518384,0.0861293894875927,6.8325841450654075,8.790098060092483,21.53744673126967,True
lift_and_cruse,cruise_213,0.7570857794518304,0.08612938948759198,6.832584145065332,8.790098060092463,21.549008359021496,True
lift_and_cruse,cruise_213,0.7570857794518485,0.0861293894875936,6.832584145065497,8.790098060092507,21.565715395184096,True
lift_and_cruse,cruise_213,0.7570857794518405,0.08612938948759291,6.832584145065426,8.790098060092484,21.58425880634712,True
lift_and_cruse,cruise_213,0.7570857794518383,0.08612938948759268,6.832584145065404,8.790098060092483,21.60096584250972,True
lift_and_cruse,cruise_213,0.7570857794518401,0.08612938948759286,6.832584145065421,8.790098060092486,21.61252747026154,True
lift_and_cruse,cruise_213,0.757085779451847,0.0861293894875935,6.832584145065486,8.7900980600925,21.616653767432275,True
lift_and_cruse,cruise_214,0.7570859322934388,0.08612940393007998,6.832585558023619,8.790098360695062,21.616653767432275,True
lift_and_cruse,cruise_214,0.757085932293393,0.08612940393007584,6.832585558023201,8.790098360694952,21.620780064603007,True
lift_and_cruse,cruise_214,0.7570859322934137,0.08612940393007773,6.83258555802339,8.790098360695,21.632341692354828,True
lift_and_cruse,cruise_214,0.7570859322934455,0.08612940393008059,6.832585558023679,8.790098360695076,21.64904872851743,True
lift_and_cruse,cruise_214,0.7570859322934355,0.0861294039300797,6.832585558023588,8.790098360695051,21.66759213968045,True
lift_and_cruse,cruise_214,0.7570859322934351,0.08612940393007965,6.832585558023585,8.790098360695053,21.68429917584305,True
lift_and_cruse,cruise_214,0.7570859322934351,0.08612940393007965,6.832585558023584,8.790098360695053,21.695860803594876,True
lift_and_cruse,cruise_214,0.7570859322934351,0.08612940393007965,6.832585558023584,8.790098360695053,21.699987100765608,True
lift_and_cruse,cruise_215,0.7570860869716768,0.0861294185461293,6.832586987960998,8.790098664908504,21.699987100765608,True
lift_and_cruse,cruise_215,0.7570860869732452,0.08612941854627204,6.8325869879753895,8.790098664912145,21.70411339793634,True
lift_and_cruse,cruise_215,0.7570860869732674,0.08612941854627405,6.832586987975593,8.790098664912197,21.71567502568816,True
lift_and_cruse,cruise_215,0.757086086973304,0.08612941854627737,6.832586987975926,8.790098664912284,21.732382061850764,True
lift_and_cruse,cruise_215,0.7570860869733033,0.08612941854627729,6.832586987975918,8.790098664912284,21.750925473013787,True
lift_and_cruse,cruise_215,0.7570860869733405,0.08612941854628067,6.832586987976259,8.79009866491237,21.767632509176387,True
lift_and_cruse,cruise_215,0.7570860869733517,0.08612941854628171,6.832586987976363,8.790098664912394,21.779194136928208,True
lift_and_cruse,cruise_215,0.757086086973348,0.0861294185462814,6.832586987976331,8.790098664912383,21.78332043409894,True
lift_and_cruse,cruise_216,0.757086243540439,0.08612943334080661,6.832588435375177,8.790098972841434,21.78332043409894,True
lift_and_cruse,cruise_216,0.757086243540439,0.08612943334080661,6.832588435375177,8.790098972841434,21.78744673126967,True
lift_and_cruse,cruise_216,0.757086243540439,0.08612943334080661,6.832588435375177,8.790098972841434,21.799008359021496,True
lift_and_cruse,cruise_216,0.757086243540439,0.08612943334080661,6.832588435375177,8.790098972841434,21.815715395184096,True
lift_and_cruse,cruise_216,0.7570862435404392,0.08612943334080664,6.832588435375179,8.790098972841434,21.83425880634712,True
lift_and_cruse,cruise_216,0.7570862435404386,0.08612943334080658,6.832588435375176,8.790098972841433,21.85096584250972,True
lift_and_cruse,cruise_216,0.7570862435404386,0.08612943334080658,6.832588435375176,8.790098972841433,21.86252747026154,True
lift_and_cruse,cruise_216,0.757086243540439,0.08612943334080661,6.832588435375177,8.790098972841434,21.866653767432275,True
lift_and_cruse,cruise_217,0.7570864020374376,0.08612944831771219,6.832589900615532,8.790099284564276,21.866653767432275,True
lift_and_cruse,cruise_217,0.7570864020399262,0.08612944831793867,6.832589900638363,8.790099284570054,21.870780064603007,True
lift_and_cruse,cruise_217,0.7570864020399327,0.08612944831793926,6.832589900638422,8.79009928457007,21.882341692354828,True
lift_and_cruse,cruise_217,0.7570864020399398,0.08612944831793992,6.832589900638488,8.790099284570084,21.89904872851743,True
lift_and_cruse,cruise_217,0.7570864020399758,0.0861294483179432,6.832589900638819,8.790099284570168,21.91759213968045,True
lift_and_cruse,cruise_217,0.757086402039989,0.08612944831794439,6.832589900638939,8.7900992845702,21.93429917584305,True
lift_and_cruse,cruise_217,0.7570864020400002,0.08612944831794542,6.832589900639042,8.790099284570225,21.945860803594876,True
lift_and_cruse,cruise_217,0.7570864020400022,0.08612944831794558,6.83258990063906,8.790099284570232,21.949987100765608,True
lift_and_cruse,cruise_218,0.7570865625248326,0.08612946348267775,6.83259138425585,8.790099600203558,21.949987100765608,True
lift_and_cruse,cruise_218,0.7570865625248343,0.08612946348267791,6.832591384255865,8.790099600203561,21.95411339793634,True
lift_and_cruse,cruise_218,0.7570865625248341,0.08612946348267789,6.8325913842558625,8.790099600203561,21.96567502568816,True
lift_and_cruse,cruise_218,0.7570865625248343,0.08612946348267791,6.832591384255865,8.790099600203561,21.982382061850764,True
lift_and_cruse,cruise_218,0.7570865625248346,0.08612946348267794,6.832591384255867,8.790099600203561,22.000925473013787,True
lift_and_cruse,cruise_218,0.7570865625248344,0.08612946348267791,6.832591384255866,8.790099600203561,22.017632509176387,True
lift_and_cruse,cruise_218,0.7570865625248338,0.08612946348267786,6.832591384255861,8.79009960020356,22.029194136928208,True
lift_and_cruse,cruise_218,0.7570865625248344,0.08612946348267791,6.832591384255866,8.790099600203561,22.03332043409894,True
lift_and_cruse,cruise_219,0.7570867250450963,0.08612947883975045,6.832592886689454,8.790099919839362,22.03332043409894,True
lift_and_cruse,cruise_219,0.7570867250450931,0.08612947883975015,6.832592886689424,8.790099919839353,22.03744673126967,True
lift_and_cruse,cruise_219,0.7570867250450929,0.08612947883975015,6.832592886689424,8.790099919839351,22.049008359021496,True
lift_and_cruse,cruise_219,0.7570867250450932,0.08612947883975018,6.832592886689428,8.790099919839351,22.065715395184096,True
lift_and_cruse,cruise_219,0.7570867250450929,0.08612947883975015,6.832592886689424,8.790099919839351,22.08425880634712,True
lift_and_cruse,cruise_219,0.7570867250450932,0.08612947883975017,6.832592886689426,8.790099919839353,22.10096584250972,True
lift_and_cruse,cruise_219,0.7570867250450932,0.08612947883975017,6.832592886689426,8.790099919839353,22.11252747026154,True
lift_and_cruse,cruise_219,0.7570867250450931,0.08612947883975015,6.832592886689424,8.790099919839353,22.116653767432275,True
lift_and_cruse,cruise_220,0.7570868896556149,0.08612949439434178,6.832594408446632,8.790100243585677,22.116653767432275,True
lift_and_cruse,cruise_220,0.757086889655626,0.08612949439434281,6.832594408446736,8.790100243585702,22.120780064603007,True
lift_and_cruse,cruise_220,0.757086889655625,0.08612949439434271,6.832594408446727,8.7901002435857,22.132341692354828,True
lift_and_cruse,cruise_220,0.7570868896556254,0.08612949439434275,6.83259440844673,8.7901002435857,22.14904872851743,True
lift_and_cruse,cruise_220,0.757086889655626,0.08612949439434281,6.832594408446736,8.790100243585702,22.16759213968045,True
lift_and_cruse,cruise_220,0.7570868896556268,0.08612949439434288,6.832594408446743,8.790100243585703,22.18429917584305,True
lift_and_cruse,cruise_220,0.7570868896556256,0.08612949439434278,6.832594408446733,8.7901002435857,22.195860803594876,True
lift_and_cruse,cruise_220,0.7570868896556251,0.08612949439434273,6.8325944084467265,8.7901002435857,22.199987100765608,True
lift_and_cruse,cruise_221,0.757087056412853,0.08612951015178735,6.832595950049376,8.790100571553547,22.199987100765608,True
lift_and_cruse,cruise_221,0.7570870564128529,0.08612951015178733,6.832595950049373,8.790100571553548,22.20411339793634,True
lift_and_cruse,cruise_221,0.7570870564128528,0.08612951015178734,6.832595950049375,8.790100571553545,22.21567502568816,True
lift_and_cruse,cruise_221,0.757087056412853,0.08612951015178735,6.832595950049376,8.790100571553547,22.232382061850764,True
lift_and_cruse,cruise_221,0.7570870564128528,0.08612951015178734,6.832595950049375,8.790100571553545,22.250925473013787,True
lift_and_cruse,cruise_221,0.7570870564128529,0.08612951015178733,6.832595950049373,8.790100571553548,22.267632509176387,True
lift_and_cruse,cruise_221,0.7570870564126139,0.0861295101517656,6.832595950047183,8.790100571552989,22.279194136928208,True
lift_and_cruse,cruise_221,0.7570870564127038,0.08612951015177378,6.832595950048006,8.7901005715532,22.28332043409894,True
lift_and_cruse,cruise_222,0.7570872253755374,0.08612952611763672,6.832597512040588,8.790100903858438,22.28332043409894,True
lift_and_cruse,cruise_222,0.7570872253751627,0.08612952611760263,6.832597512037151,8.790100903857565,22.28744673126967,True
lift_and_cruse,cruise_222,0.7570872253755373,0.08612952611763672,6.832597512040588,8.790100903858436,22.299008359021496,True
lift_and_cruse,cruise_222,0.7570872253755376,0.08612952611763675,6.832597512040591,8.790100903858438,22.315715395184096,True
lift_and_cruse,cruise_222,0.7570872253755373,0.08612952611763672,6.832597512040588,8.790100903858436,22.33425880634712,True
lift_and_cruse,cruise_222,0.7570872253755374,0.08612952611763669,6.8325975120405875,8.79010090385844,22.35096584250972,True
lift_and_cruse,cruise_222,0.7570872253755371,0.08612952611763669,6.832597512040586,8.790100903858436,22.36252747026154,True
lift_and_cruse,cruise_222,0.7570872253755371,0.08612952611763669,6.832597512040586,8.790100903858436,22.366653767432275,True
lift_and_cruse,cruise_223,0.7570873966049152,0.08612954229767746,6.832599094986478,8.790101240620787,22.366653767432275,True
lift_and_cruse,cruise_223,0.7570873966049203,0.08612954229767793,6.832599094986526,8.790101240620798,22.370780064603007,True
lift_and_cruse,cruise_223,0.7570873966049393,0.08612954229767965,6.8325990949866995,8.790101240620844,22.382341692354828,True
lift_and_cruse,cruise_223,0.7570873966049171,0.08612954229767764,6.832599094986496,8.79010124062079,22.39904872851743,True
lift_and_cruse,cruise_223,0.7570873966049171,0.08612954229767764,6.832599094986496,8.79010124062079,22.41759213968045,True
lift_and_cruse,cruise_223,0.7570873966049173,0.08612954229767766,6.832599094986499,8.79010124062079,22.43429917584305,True
lift_and_cruse,cruise_223,0.7570873966049171,0.08612954229767764,6.832599094986496,8.79010124062079,22.445860803594876,True
lift_and_cruse,cruise_223,0.7570873966049168,0.08612954229767761,6.832599094986495,8.79010124062079,22.449987100765608,True
lift_and_cruse,cruise_224,0.757087570164846,0.08612955869794395,6.832600699477403,8.790101581966178,22.449987100765608,True
lift_and_cruse,cruise_224,0.7570875701690556,0.08612955869832703,6.8326006995160204,8.790101581975959,22.45411339793634,True
lift_and_cruse,cruise_224,0.7570875701689682,0.08612955869831906,6.832600699515218,8.790101581975756,22.46567502568816,True
lift_and_cruse,cruise_224,0.7570875701688733,0.08612955869831043,6.832600699514348,8.790101581975536,22.482382061850764,True
lift_and_cruse,cruise_224,0.7570875701689105,0.08612955869831385,6.832600699514691,8.79010158197562,22.500925473013787,True
lift_and_cruse,cruise_224,0.7570875701690412,0.08612955869832573,6.832600699515888,8.790101581975923,22.517632509176387,True
lift_and_cruse,cruise_224,0.7570875701691913,0.08612955869833937,6.832600699517264,8.790101581976275,22.529194136928208,True
lift_and_cruse,cruise_224,0.7570875701692523,0.08612955869834495,6.832600699517826,8.790101581976414,22.53332043409894,True
lift_and_cruse,cruise_225,0.7570877461220907,0.0861295753247444,6.832602326130529,8.790101928025935,22.53332043409894,True
lift_and_cruse,cruise_225,0.7570877461220535,0.086129575324741,6.832602326130187,8.79010192802585,22.53744673126967,True
lift_and_cruse,cruise_225,0.7570877461219467,0.08612957532473128,6.832602326129205,8.790101928025601,22.549008359021496,True
lift_and_cruse,cruise_225,0.7570877461219594,0.08612957532473241,6.83260232612932,8.790101928025633,22.565715395184096,True
lift_and_cruse,cruise_225,0.7570877461219363,0.08612957532473034,6.832602326129111,8.790101928025576,22.58425880634712,True
lift_and_cruse,cruise_225,0.7570877461219468,0.08612957532473128,6.832602326129206,8.790101928025603,22.60096584250972,True
lift_and_cruse,cruise_225,0.7570877461218949,0.08612957532472656,6.832602326128732,8.79010192802548,22.61252747026154,True
lift_and_cruse,cruise_225,0.7570877461219468,0.08612957532473128,6.832602326129206,8.790101928025603,22.616653767432275,True
lift_and_cruse,cruise_226,0.7570879245462124,0.08612959218465216,6.832603975588939,8.79010227893685,22.616653767432275,True
lift_and_cruse,cruise_226,0.7570879245457952,0.08612959218461419,6.832603975585111,8.790102278935882,22.620780064603007,True
lift_and_cruse,cruise_226,0.7570879245458239,0.08612959218461677,6.832603975585372,8.790102278935949,22.632341692354828,True
lift_and_cruse,cruise_226,0.7570879245458505,0.08612959218461924,6.83260397558562,8.790102278936008,22.64904872851743,True
lift_and_cruse,cruise_226,0.7570879245458576,0.08612959218461987,6.832603975585683,8.790102278936025,22.66759213968045,True
lift_and_cruse,cruise_226,0.757087924545835,0.0861295921846178,6.832603975585475,8.790102278935974,22.68429917584305,True
lift_and_cruse,cruise_226,0.7570879245458028,0.08612959218461486,6.8326039755851795,8.790102278935901,22.695860803594876,True
lift_and_cruse,cruise_226,0.757087924545779,0.08612959218461272,6.832603975584962,8.790102278935843,22.699987100765608,True
lift_and_cruse,cruise_227,0.7570881055089977,0.08612960928445383,6.832605648516332,8.790102634839773,22.699987100765608,True
lift_and_cruse,cruise_227,0.7570881055089983,0.0861296092844539,6.8326056485163384,8.790102634839771,22.70411339793634,True
lift_and_cruse,cruise_227,0.757088105508998,0.08612960928445386,6.832605648516334,8.790102634839773,22.71567502568816,True
lift_and_cruse,cruise_227,0.7570881055090146,0.08612960928445536,6.832605648516487,8.790102634839812,22.732382061850764,True
lift_and_cruse,cruise_227,0.7570881055090335,0.08612960928445706,6.832605648516659,8.790102634839858,22.750925473013787,True
lift_and_cruse,cruise_227,0.7570881055089981,0.08612960928445387,6.832605648516336,8.790102634839773,22.767632509176387,True
lift_and_cruse,cruise_227,0.7570881055089981,0.08612960928445387,6.832605648516336,8.790102634839773,22.779194136928208,True
lift_and_cruse,cruise_227,0.7570881055089981,0.08612960928445387,6.832605648516336,8.790102634839773,22.78332043409894,True
lift_and_cruse,cruise_228,0.7570882890875704,0.08612962663143331,6.832607345625609,8.790102995886764,22.78332043409894,True
lift_and_cruse,cruise_228,0.7570882890875418,0.0861296266314307,6.8326073456253456,8.790102995886699,22.78744673126967,True
lift_and_cruse,cruise_228,0.7570882890875731,0.08612962663143353,6.832607345625631,8.790102995886773,22.799008359021496,True
lift_and_cruse,cruise_228,0.7570882890876213,0.08612962663143794,6.832607345626075,8.790102995886881,22.815715395184096,True
lift_and_cruse,cruise_228,0.7570882890875733,0.08612962663143356,6.832607345625632,8.790102995886773,22.83425880634712,True
lift_and_cruse,cruise_228,0.7570882890875733,0.08612962663143356,6.832607345625633,8.790102995886773,22.85096584250972,True
lift_and_cruse,cruise_228,0.7570882890875733,0.08612962663143356,6.832607345625633,8.790102995886773,22.86252747026154,True
lift_and_cruse,cruise_228,0.7570882890875734,0.08612962663143356,6.832607345625634,8.790102995886775,22.866653767432275,True
lift_and_cruse,cruise_229,0.757088475384191,0.08612964423517405,6.832609067860511,8.790103362287052,22.866653767432275,True
lift_and_cruse,cruise_229,0.7570884753609601,0.08612964423306002,6.832609067647394,8.790103362233083,22.870780064603007,True
lift_and_cruse,cruise_229,0.7570884753608167,0.08612964423304695,6.832609067646078,8.79010336223275,22.882341692354828,True
lift_and_cruse,cruise_229,0.7570884753609605,0.08612964423306005,6.832609067647398,8.790103362233085,22.89904872851743,True
lift_and_cruse,cruise_229,0.7570884753607513,0.086129644233041,6.832609067645477,8.7901033622326,22.91759213968045,True
lift_and_cruse,cruise_229,0.7570884753608843,0.08612964423305314,6.832609067646701,8.790103362232905,22.93429917584305,True
lift_and_cruse,cruise_229,0.7570884753609606,0.08612964423306006,6.832609067647399,8.790103362233083,22.945860803594876,True
lift_and_cruse,cruise_229,0.7570884753609605,0.08612964423306005,6.832609067647398,8.790103362233085,22.949987100765608,True
lift_and_cruse,cruise_230,0.7570886644123437,0.08612966209719385,6.832610815350629,8.790103734042283,22.949987100765608,True
lift_and_cruse,cruise_230,0.7570886644148453,0.08612966209742152,6.832610815373579,8.790103734048092,22.95411339793634,True
lift_and_cruse,cruise_230,0.757088664412864,0.08612966209724124,6.832610815355404,8.790103734043488,22.96567502568816,True
lift_and_cruse,cruise_230,0.7570886644137499,0.08612966209732184,6.83261081536353,8.790103734045546,22.982382061850764,True
lift_and_cruse,cruise_230,0.757088664412344,0.08612966209719389,6.832610815350631,8.790103734042281,23.000925473013787,True
lift_and_cruse,cruise_230,0.757088664412344,0.08612966209719389,6.832610815350631,8.790103734042281,23.017632509176387,True
lift_and_cruse,cruise_230,0.757088664412344,0.08612966209719389,6.832610815350631,8.790103734042281,23.029194136928208,True
lift_and_cruse,cruise_230,0.757088664412344,0.08612966209719389,6.832610815350631,8.790103734042281,23.03332043409894,True
lift_and_cruse,cruise_231,0.7570888563288631,0.08612968023206946,6.832612589540905,8.790104111485709,23.03332043409894,True
lift_and_cruse,cruise_231,0.7570888563287527,0.08612968023205941,6.832612589539892,8.790104111485451,23.03744673126967,True
lift_and_cruse,cruise_231,0.7570888563288631,0.08612968023206946,6.832612589540905,8.790104111485709,23.049008359021496,True
lift_and_cruse,cruise_231,0.7570888563288628,0.0861296802320694,6.8326125895409024,8.79010411148571,23.065715395184096,True
lift_and_cruse,cruise_231,0.7570888563288631,0.08612968023206946,6.832612589540905,8.790104111485709,23.08425880634712,True
lift_and_cruse,cruise_231,0.7570888563288632,0.08612968023206946,6.832612589540906,8.79010411148571,23.10096584250972,True
lift_and_cruse,cruise_231,0.7570888563288636,0.08612968023206946,6.832612589540907,8.790104111485714,23.11252747026154,True
lift_and_cruse,cruise_231,0.7570888563287121,0.08612968023205572,6.832612589539522,8.790104111485357,23.116653767432275,True
lift_and_cruse,cruise_232,0.7570890512018712,0.08612969864631917,6.832614391062741,8.790104494743012,23.116653767432275,True
lift_and_cruse,cruise_232,0.757089051202161,0.08612969864634554,6.832614391065398,8.790104494743685,23.120780064603007,True
lift_and_cruse,cruise_232,0.7570890512021599,0.08612969864634543,6.832614391065388,8.790104494743684,23.132341692354828,True
lift_and_cruse,cruise_232,0.7570890512021607,0.08612969864634551,6.832614391065397,8.790104494743685,23.14904872851743,True
lift_and_cruse,cruise_232,0.7570890512021645,0.08612969864634584,6.83261439106543,8.790104494743694,23.16759213968045,True
lift_and_cruse,cruise_232,0.7570890512021683,0.0861296986463462,6.832614391065466,8.790104494743701,23.18429917584305,True
lift_and_cruse,cruise_232,0.7570890512021705,0.08612969864634643,6.832614391065489,8.790104494743705,23.195860803594876,True
lift_and_cruse,cruise_232,0.7570890512021734,0.08612969864634665,6.832614391065512,8.790104494743716,23.199987100765608,True
lift_and_cruse,cruise_233,0.7570892491278013,0.08612971734905361,6.8326162208075845,8.790104884004013,23.199987100765608,True
lift_and_cruse,cruise_233,0.7570892491272161,0.08612971734900038,6.832616220802218,8.79010488400265,23.20411339793634,True
lift_and_cruse,cruise_233,0.7570892491271846,0.08612971734899752,6.832616220801931,8.790104884002577,23.21567502568816,True
lift_and_cruse,cruise_233,0.7570892491271624,0.0861297173489955,6.832616220801725,8.790104884002526,23.232382061850764,True
lift_and_cruse,cruise_233,0.7570892491272156,0.08612971734900035,6.8326162208022145,8.790104884002648,23.250925473013787,True
lift_and_cruse,cruise_233,0.7570892491271597,0.08612971734899524,6.8326162208017,8.79010488400252,23.267632509176387,True
lift_and_cruse,cruise_233,0.7570892491272158,0.08612971734900035,6.832616220802215,8.79010488400265,23.279194136928208,True
lift_and_cruse,cruise_233,0.7570892491272161,0.08612971734900038,6.832616220802218,8.79010488400265,23.28332043409894,True
lift_and_cruse,cruise_234,0.7570894502055356,0.0861297363496229,6.8326180796896905,8.790105279462527,23.28332043409894,True
lift_and_cruse,cruise_234,0.7570894502055353,0.08612973634962284,6.832618079689688,8.790105279462528,23.28744673126967,True
lift_and_cruse,cruise_234,0.7570894502055355,0.08612973634962287,6.832618079689689,8.790105279462527,23.299008359021496,True
lift_and_cruse,cruise_234,0.7570894502055354,0.08612973634962287,6.832618079689689,8.790105279462527,23.315715395184096,True
lift_and_cruse,cruise_234,0.7570894502055353,0.08612973634962284,6.832618079689688,8.790105279462528,23.33425880634712,True
lift_and_cruse,cruise_234,0.7570894502055353,0.08612973634962284,6.832618079689688,8.790105279462528,23.35096584250972,True
lift_and_cruse,cruise_234,0.7570894502055354,0.08612973634962287,6.832618079689689,8.790105279462527,23.36252747026154,True
lift_and_cruse,cruise_234,0.7570894502055352,0.08612973634962284,6.832618079689686,8.790105279462527,23.366653767432275,True
lift_and_cruse,cruise_235,0.7570896545507796,0.0861297556589259,6.832619968778002,8.790105681349624,23.366653767432275,True
lift_and_cruse,cruise_235,0.7570896545431961,0.0861297556582358,6.832619968708433,8.790105681332006,23.370780064603007,True
lift_and_cruse,cruise_235,0.7570896545425915,0.08612975565818079,6.832619968702888,8.790105681330601,23.382341692354828,True
lift_and_cruse,cruise_235,0.7570896545425914,0.08612975565818078,6.832619968702886,8.790105681330601,23.39904872851743,True
lift_and_cruse,cruise_235,0.7570896545431498,0.0861297556582316,6.832619968708008,8.790105681331898,23.41759213968045,True
lift_and_cruse,cruise_235,0.7570896545444524,0.08612975565835015,6.83261996871996,8.790105681334923,23.43429917584305,True
lift_and_cruse,cruise_235,0.757089654542777,0.08612975565819768,6.832619968704589,8.790105681331031,23.445860803594876,True
lift_and_cruse,cruise_235,0.757089654543228,0.0861297556582387,6.832619968708725,8.790105681332081,23.449987100765608,True
lift_and_cruse,cruise_236,0.7570898618787152,0.0861297752514332,6.832621885467566,8.7901060889639,23.449987100765608,True
lift_and_cruse,cruise_236,0.7570898622496236,0.08612977528518585,6.8326218888701735,8.790106089825612,23.45411339793634,True
lift_and_cruse,cruise_236,0.7570898622496234,0.08612977528518584,6.832621888870171,8.79010608982561,23.46567502568816,True
lift_and_cruse,cruise_236,0.7570898622496232,0.08612977528518581,6.83262188887017,8.79010608982561,23.482382061850764,True
lift_and_cruse,cruise_236,0.7570898622496238,0.08612977528518587,6.832621888870174,8.790106089825613,23.500925473013787,True
lift_and_cruse,cruise_236,0.7570898622496236,0.08612977528518585,6.832621888870173,8.790106089825612,23.517632509176387,True
lift_and_cruse,cruise_236,0.757089862249624,0.08612977528518587,6.832621888870176,8.790106089825615,23.529194136928208,True
lift_and_cruse,cruise_236,0.7570898622496238,0.08612977528518587,6.832621888870174,8.790106089825613,23.53332043409894,True
lift_and_cruse,cruise_237,0.7570900734437228,0.08612979524170267,6.83262384127401,8.790106505177803,23.53332043409894,True
lift_and_cruse,cruise_237,0.7570900734437231,0.08612979524170272,6.832623841274015,8.790106505177802,23.53744673126967,True
lift_and_cruse,cruise_237,0.7570900734437229,0.0861297952417027,6.832623841274011,8.790106505177802,23.549008359021496,True
lift_and_cruse,cruise_237,0.7570900734437238,0.08612979524170278,6.832623841274019,8.790106505177803,23.565715395184096,True
lift_and_cruse,cruise_237,0.757090073443723,0.0861297952417027,6.832623841274013,8.790106505177803,23.58425880634712,True
lift_and_cruse,cruise_237,0.7570900734437229,0.0861297952417027,6.832623841274012,8.790106505177802,23.60096584250972,True
lift_and_cruse,cruise_237,0.7570900734437231,0.08612979524170272,6.832623841274015,8.790106505177802,23.61252747026154,True
lift_and_cruse,cruise_237,0.7570900734438519,0.08612979524171442,6.832623841275193,8.790106505178104,23.616653767432275,True
lift_and_cruse,cruise_238,0.7570902878141352,0.08612981549988405,6.83262582307238,8.790106926621181,23.616653767432275,True
lift_and_cruse,cruise_238,0.7570902882482875,0.08612981553939189,6.832625827055167,8.790106927629823,23.620780064603007,True
lift_and_cruse,cruise_238,0.7570902882482876,0.08612981553939192,6.832625827055169,8.790106927629822,23.632341692354828,True
lift_and_cruse,cruise_238,0.7570902882482881,0.08612981553939195,6.832625827055172,8.790106927629825,23.64904872851743,True
lift_and_cruse,cruise_238,0.757090288248289,0.08612981553939203,6.83262582705518,8.790106927629827,23.66759213968045,True
lift_and_cruse,cruise_238,0.7570902882482893,0.08612981553939209,6.832625827055185,8.790106927629825,23.68429917584305,True
lift_and_cruse,cruise_238,0.75709028824829,0.08612981553939214,6.832625827055191,8.790106927629829,23.695860803594876,True
lift_and_cruse,cruise_238,0.7570902882482899,0.08612981553939214,6.832625827055192,8.790106927629827,23.699987100765608,True
lift_and_cruse,cruise_239,0.7570905067934287,0.08612983619054866,6.832627847416471,8.790107357437503,23.699987100765608,True
lift_and_cruse,cruise_239,0.7570905067934285,0.08612983619054863,6.832627847416468,8.790107357437503,23.70411339793634,True
lift_and_cruse,cruise_239,0.7570905067934289,0.08612983619054868,6.8326278474164726,8.790107357437504,23.71567502568816,True
lift_and_cruse,cruise_239,0.7570905067934284,0.08612983619054862,6.832627847416467,8.790107357437503,23.732382061850764,True
lift_and_cruse,cruise_239,0.7570905067934287,0.08612983619054866,6.832627847416471,8.790107357437503,23.750925473013787,True
lift_and_cruse,cruise_239,0.7570905067934282,0.08612983619054862,6.832627847416466,8.7901073574375,23.767632509176387,True
lift_and_cruse,cruise_239,0.7570905067934285,0.08612983619054865,6.83262784741647,8.790107357437503,23.779194136928208,True
lift_and_cruse,cruise_239,0.7570905067934282,0.08612983619054862,6.832627847416466,8.7901073574375,23.78332043409894,True
lift_and_cruse,cruise_240,0.7570907292162511,0.08612985720812966,6.832629903625416,8.790107794870355,23.78332043409894,True
lift_and_cruse,cruise_240,0.7570907292165419,0.08612985720815611,6.832629903628084,8.79010779487103,23.78744673126967,True
lift_and_cruse,cruise_240,0.7570907292165417,0.08612985720815611,6.832629903628083,8.79010779487103,23.799008359021496,True
lift_and_cruse,cruise_240,0.7570907292165419,0.08612985720815614,6.832629903628085,8.790107794871028,23.815715395184096,True
lift_and_cruse,cruise_240,0.7570907292165416,0.08612985720815608,6.832629903628081,8.790107794871032,23.83425880634712,True
lift_and_cruse,cruise_240,0.7570907292165414,0.08612985720815608,6.83262990362808,8.790107794871028,23.85096584250972,True
lift_and_cruse,cruise_240,0.7570907292165419,0.08612985720815614,6.832629903628085,8.790107794871028,23.86252747026154,True
lift_and_cruse,cruise_240,0.7570907292165423,0.08612985720815615,6.832629903628086,8.790107794871032,23.866653767432275,True
lift_and_cruse,cruise_241,0.7570909552683682,0.08612987857003937,6.832631993413676,8.790108239299498,23.866653767432275,True
lift_and_cruse,cruise_241,0.7570909556628074,0.08612987860593335,6.832631997032145,8.79010824021587,23.870780064603007,True
lift_and_cruse,cruise_241,0.7570909556628074,0.08612987860593335,6.832631997032145,8.79010824021587,23.882341692354828,True
lift_and_cruse,cruise_241,0.7570909556628075,0.08612987860593338,6.832631997032148,8.790108240215869,23.89904872851743,True
lift_and_cruse,cruise_241,0.7570909556628074,0.08612987860593335,6.832631997032145,8.79010824021587,23.91759213968045,True
lift_and_cruse,cruise_241,0.7570909556628074,0.08612987860593338,6.832631997032148,8.790108240215869,23.93429917584305,True
lift_and_cruse,cruise_241,0.7570909556628075,0.08612987860593338,6.832631997032148,8.790108240215869,23.945860803594876,True
lift_and_cruse,cruise_241,0.7570909556628082,0.08612987860593345,6.832631997032155,8.79010824021587,23.949987100765608,True
lift_and_cruse,cruise_242,0.7570911860764568,0.08612990037934246,6.832634127127941,8.790108693287642,23.949987100765608,True
lift_and_cruse,cruise_242,0.757091186285801,0.08612990039839281,6.832634129048405,8.790108693773995,23.95411339793634,True
lift_and_cruse,cruise_242,0.7570911862858005,0.08612990039839279,6.832634129048402,8.790108693773993,23.96567502568816,True
lift_and_cruse,cruise_242,0.757091186285801,0.08612990039839281,6.832634129048406,8.790108693773995,23.982382061850764,True
lift_and_cruse,cruise_242,0.757091186285801,0.08612990039839281,6.832634129048406,8.790108693773995,24.000925473013787,True
lift_and_cruse,cruise_242,0.7570911862858005,0.08612990039839279,6.832634129048402,8.790108693773993,24.017632509176387,True
lift_and_cruse,cruise_242,0.757091186285801,0.08612990039839281,6.832634129048405,8.790108693773995,24.029194136928208,True
lift_and_cruse,cruise_242,0.757091186285801,0.08612990039839281,6.832634129048406,8.790108693773995,24.03332043409894,True
lift_and_cruse,cruise_243,0.8515267477781472,0.09566173711546222,7.708750094100084,8.901435134408732,24.03332043409894,True
lift_and_cruse,cruise_243,0.8515267477625544,0.09566173711383638,7.708750093955874,8.901435134397019,24.03744673126967,True
lift_and_cruse,cruise_243,0.8515267477628343,0.09566173711386552,7.708750093958462,8.901435134397232,24.049008359021496,True
lift_and_cruse,cruise_243,0.8515267477632573,0.09566173711390963,7.708750093962372,8.90143513439755,24.065715395184096,True
lift_and_cruse,cruise_243,0.8515267477636997,0.09566173711395576,7.708750093966468,8.901435134397882,24.08425880634712,True
lift_and_cruse,cruise_243,0.8515267477640871,0.09566173711399614,7.708750093970047,8.901435134398175,24.10096584250972,True
lift_and_cruse,cruise_243,0.8515267477643775,0.09566173711402645,7.708750093972735,8.90143513439839,24.11252747026154,True
lift_and_cruse,cruise_243,0.8515267477644466,0.09566173711403364,7.708750093973372,8.901435134398444,24.116653767432275,True
lift_and_cruse,cruise_244,0.757088445426498,0.08612964140529408,6.832608790932635,8.790103303274202,24.116653767432275,True
lift_and_cruse,cruise_244,0.7570884456688838,0.08612964142735113,6.832608793156213,8.79010330383733,24.120780064603007,True
lift_and_cruse,cruise_244,0.7570884456688832,0.08612964142735109,6.83260879315621,8.790103303837329,24.132341692354828,True
lift_and_cruse,cruise_244,0.7570884456688836,0.08612964142735112,6.832608793156211,8.790103303837329,24.14904872851743,True
lift_and_cruse,cruise_244,0.7570884456688834,0.0861296414273511,6.8326087931562105,8.790103303837329,24.16759213968045,True
lift_and_cruse,cruise_244,0.7570884456688838,0.08612964142735113,6.832608793156213,8.79010330383733,24.18429917584305,True
lift_and_cruse,cruise_244,0.7570884456688838,0.08612964142735113,6.832608793156213,8.79010330383733,24.195860803594876,True
lift_and_cruse,cruise_244,0.7570884456688834,0.0861296414273511,6.8326087931562105,8.790103303837329,24.199987100765608,True
lift_and_cruse,cruise_245,0.7053942133292135,0.08142142045221533,6.355562368736549,8.66349677285716,24.199987100765608,True
lift_and_cruse,cruise_245,0.7053942133292209,0.08142142045221595,6.355562368736617,8.663496772857185,24.20411339793634,True
lift_and_cruse,cruise_245,0.7053942133292217,0.08142142045221601,6.355562368736623,8.663496772857188,24.21567502568816,True
lift_and_cruse,cruise_245,0.7053942133292215,0.08142142045221601,6.355562368736624,8.663496772857187,24.232382061850764,True
lift_and_cruse,cruise_245,0.7053942133292209,0.08142142045221594,6.355562368736618,8.663496772857187,24.250925473013787,True
lift_and_cruse,cruise_245,0.7053942133292205,0.0814214204522159,6.355562368736613,8.663496772857185,24.267632509176387,True
lift_and_cruse,cruise_245,0.7053942133292214,0.081421420452216,6.355562368736623,8.663496772857187,24.279194136928208,True
lift_and_cruse,cruise_245,0.7053942133292209,0.08142142045221593,6.355562368736616,8.663496772857188,24.28332043409894,True
lift_and_cruse,cruise_246,0.7053947079748812,0.08142146383324683,6.3555669256216625,8.663498232106795,24.28332043409894,True
lift_and_cruse,cruise_246,0.7053947079748812,0.08142146383324683,6.3555669256216625,8.663498232106795,24.28744673126967,True
lift_and_cruse,cruise_246,0.7053947079748807,0.08142146383324679,6.35556692562166,8.663498232106793,24.299008359021496,True
lift_and_cruse,cruise_246,0.7053947079748812,0.08142146383324683,6.3555669256216625,8.663498232106795,24.315715395184096,True
lift_and_cruse,cruise_246,0.7053947079748812,0.08142146383324683,6.3555669256216625,8.663498232106795,24.33425880634712,True
lift_and_cruse,cruise_246,0.7053947079748806,0.08142146383324678,6.355566925621658,8.663498232106793,24.35096584250972,True
lift_and_cruse,cruise_246,0.7053947079748812,0.08142146383324683,6.3555669256216625,8.663498232106795,24.36252747026154,True
lift_and_cruse,cruise_246,0.705394707974881,0.08142146383324682,6.355566925621662,8.663498232106793,24.366653767432275,True
lift_and_cruse,cruise_247,0.7053952139333353,0.0814215082064562,6.3555715867251,8.663499724725094,24.366653767432275,True
lift_and_cruse,cruise_247,0.7053952139333152,0.08142150820645452,6.355571586724915,8.663499724725025,24.370780064603007,True
lift_and_cruse,cruise_247,0.7053952139333185,0.0814215082064548,6.355571586724947,8.663499724725037,24.382341692354828,True
lift_and_cruse,cruise_247,0.7053952139333176,0.08142150820645473,6.35557158672494,8.663499724725034,24.39904872851743,True
lift_and_cruse,cruise_247,0.7053952139333151,0.0814215082064545,6.355571586724913,8.663499724725026,24.41759213968045,True
lift_and_cruse,cruise_247,0.7053952139333152,0.08142150820645452,6.355571586724915,8.663499724725025,24.43429917584305,True
lift_and_cruse,cruise_247,0.7053952139333183,0.08142150820645477,6.355571586724945,8.663499724725037,24.445860803594876,True
lift_and_cruse,cruise_247,0.7053952139333185,0.0814215082064548,6.355571586724947,8.663499724725037,24.449987100765608,True
lift_and_cruse,cruise_248,0.7053957317320639,0.08142155361810734,6.355576356906316,8.663501252267814,24.449987100765608,True
lift_and_cruse,cruise_248,0.705395731732064,0.08142155361810736,6.355576356906317,8.663501252267814,24.45411339793634,True
lift_and_cruse,cruise_248,0.7053957317320632,0.0814215536181073,6.355576356906311,8.66350125226781,24.46567502568816,True
lift_and_cruse,cruise_248,0.7053957317320637,0.08142155361810732,6.355576356906314,8.663501252267814,24.482382061850764,True
lift_and_cruse,cruise_248,0.705395731732064,0.08142155361810736,6.355576356906317,8.663501252267814,24.500925473013787,True
lift_and_cruse,cruise_248,0.7053957317320637,0.08142155361810732,6.355576356906314,8.663501252267814,24.517632509176387,True
lift_and_cruse,cruise_248,0.7053957317320634,0.0814215536181073,6.355576356906313,8.663501252267812,24.529194136928208,True
lift_and_cruse,cruise_248,0.705395731732064,0.08142155361810736,6.355576356906317,8.663501252267814,24.53332043409894,True
lift_and_cruse,cruise_249,0.7053962619364088,0.08142160011778371,6.355581241373485,8.663502816402396,24.53332043409894,True
lift_and_cruse,cruise_249,0.705396261936408,0.08142160011778365,6.35558124137348,8.663502816402392,24.53744673126967,True
lift_and_cruse,cruise_249,0.7053962619364086,0.08142160011778368,6.355581241373483,8.663502816402396,24.549008359021496,True
lift_and_cruse,cruise_249,0.7053962619364079,0.08142160011778363,6.3555812413734785,8.663502816402394,24.565715395184096,True
lift_and_cruse,cruise_249,0.705396261936408,0.08142160011778364,6.355581241373478,8.663502816402394,24.58425880634712,True
lift_and_cruse,cruise_249,0.7053962619364075,0.0814216001177836,6.355581241373475,8.66350281640239,24.60096584250972,True
lift_and_cruse,cruise_249,0.7053962619364089,0.08142160011778371,6.355581241373485,8.663502816402397,24.61252747026154,True
lift_and_cruse,cruise_249,0.7053962619364086,0.08142160011778368,6.355581241373483,8.663502816402396,24.616653767432275,True
lift_and_cruse,cruise_250,0.705396805153037,0.08142164775869351,6.355586245715499,8.663504418918134,24.616653767432275,True
lift_and_cruse,cruise_250,0.7053968051530416,0.0814216477586939,6.355586245715542,8.66350441891815,24.620780064603007,True
lift_and_cruse,cruise_250,0.7053968051530413,0.08142164775869387,6.355586245715537,8.663504418918148,24.632341692354828,True
lift_and_cruse,cruise_250,0.7053968051530408,0.08142164775869384,6.355586245715535,8.663504418918146,24.64904872851743,True
lift_and_cruse,cruise_250,0.7053968051530412,0.08142164775869384,6.3555862457155365,8.66350441891815,24.66759213968045,True
lift_and_cruse,cruise_250,0.7053968051530406,0.0814216477586938,6.355586245715531,8.663504418918148,24.68429917584305,True
lift_and_cruse,cruise_250,0.7053968051530408,0.08142164775869384,6.355586245715535,8.663504418918146,24.695860803594876,True
lift_and_cruse,cruise_250,0.7053968051530416,0.0814216477586939,6.355586245715542,8.66350441891815,24.699987100765608,True
lift_and_cruse,cruise_251,0.7053973620342168,0.08142169659804446,6.355591375941337,8.663506061738813,24.699987100765608,True
lift_and_cruse,cruise_251,0.705397362034219,0.08142169659804466,6.3555913759413585,8.66350606173882,24.70411339793634,True
lift_and_cruse,cruise_251,0.7053973620342195,0.08142169659804468,6.355591375941362,8.663506061738824,24.71567502568816,True
lift_and_cruse,cruise_251,0.7053973620342188,0.08142169659804466,6.355591375941358,8.663506061738818,24.732382061850764,True
lift_and_cruse,cruise_251,0.705397362034219,0.08142169659804466,6.3555913759413585,8.66350606173882,24.750925473013787,True
lift_and_cruse,cruise_251,0.705397362034219,0.08142169659804466,6.3555913759413585,8.66350606173882,24.767632509176387,True
lift_and_cruse,cruise_251,0.7053973620342194,0.08142169659804468,6.35559137594136,8.663506061738824,24.779194136928208,True
lift_and_cruse,cruise_251,0.7053973620342181,0.08142169659804457,6.355591375941348,8.663506061738818,24.78332043409894,True
lift_and_cruse,cruise_252,0.7053979332824342,0.08142174669744873,6.355596638522614,8.663507746936325,24.78332043409894,True
lift_and_cruse,cruise_252,0.7053979332824342,0.08142174669744873,6.355596638522614,8.663507746936325,24.78744673126967,True
lift_and_cruse,cruise_252,0.7053979332824339,0.0814217466974487,6.355596638522612,8.663507746936325,24.799008359021496,True
lift_and_cruse,cruise_252,0.7053979332824339,0.0814217466974487,6.355596638522611,8.663507746936325,24.815715395184096,True
lift_and_cruse,cruise_252,0.7053979332824349,0.08142174669744881,6.3555966385226235,8.663507746936325,24.83425880634712,True
lift_and_cruse,cruise_252,0.7053979332824348,0.08142174669744877,6.355596638522619,8.663507746936329,24.85096584250972,True
lift_and_cruse,cruise_252,0.7053979332824334,0.08142174669744867,6.355596638522609,8.663507746936322,24.86252747026154,True
lift_and_cruse,cruise_252,0.7053979332824339,0.0814217466974487,6.355596638522612,8.663507746936325,24.866653767432275,True
lift_and_cruse,cruise_253,0.7053985196557075,0.08142179812338898,6.355602040442536,8.663509476746336,24.866653767432275,True
lift_and_cruse,cruise_253,0.7053985196557072,0.08142179812338896,6.355602040442533,8.663509476746336,24.870780064603007,True
lift_and_cruse,cruise_253,0.7053985196557072,0.08142179812338894,6.355602040442532,8.663509476746338,24.882341692354828,True
lift_and_cruse,cruise_253,0.7053985196557072,0.08142179812338894,6.355602040442532,8.663509476746338,24.89904872851743,True
lift_and_cruse,cruise_253,0.7053985196557072,0.08142179812338896,6.355602040442533,8.663509476746336,24.91759213968045,True
lift_and_cruse,cruise_253,0.7053985196557068,0.08142179812338889,6.355602040442527,8.663509476746338,24.93429917584305,True
lift_and_cruse,cruise_253,0.7053985196557068,0.08142179812338889,6.355602040442527,8.663509476746338,24.945860803594876,True
lift_and_cruse,cruise_253,0.7053985196557072,0.08142179812338896,6.355602040442533,8.663509476746336,24.949987100765608,True
lift_and_cruse,cruise_254,0.7053991219735973,0.08142185094774568,6.355607589251253,8.663511253586009,24.949987100765608,True
lift_and_cruse,cruise_254,0.705399121973598,0.08142185094774573,6.355607589251259,8.66351125358601,24.95411339793634,True
lift_and_cruse,cruise_254,0.705399121973597,0.08142185094774565,6.35560758925125,8.663511253586007,24.96567502568816,True
lift_and_cruse,cruise_254,0.7053991219735971,0.08142185094774566,6.355607589251252,8.663511253586007,24.982382061850764,True
lift_and_cruse,cruise_254,0.7053991219735976,0.0814218509477457,6.355607589251257,8.663511253586009,25.000925473013787,True
lift_and_cruse,cruise_254,0.705399121973598,0.08142185094774573,6.355607589251259,8.66351125358601,25.017632509176387,True
lift_and_cruse,cruise_254,0.7053991219735971,0.08142185094774566,6.355607589251252,8.663511253586007,25.029194136928208,True
lift_and_cruse,cruise_254,0.7053991219735967,0.08142185094774565,6.355607589251249,8.663511253586003,25.03332043409894,True
lift_and_cruse,cruise_255,0.7058201678288742,0.08145878889137191,6.359486495284722,8.664751556398778,25.03332043409894,True
lift_and_cruse,cruise_255,0.7058201678288775,0.08145878889137216,6.359486495284751,8.664751556398791,25.03744673126967,True
lift_and_cruse,cruise_255,0.7058201678288775,0.08145878889137215,6.35948649528475,8.664751556398793,25.049008359021496,True
lift_and_cruse,cruise_255,0.705820167828877,0.08145878889137209,6.359486495284743,8.664751556398793,25.065715395184096,True
lift_and_cruse,cruise_255,0.7058201678288778,0.0814587888913722,6.359486495284753,8.664751556398791,25.08425880634712,True
lift_and_cruse,cruise_255,0.7058201678288782,0.0814587888913722,6.359486495284755,8.664751556398796,25.10096584250972,True
lift_and_cruse,cruise_255,0.7058201678288782,0.0814587888913722,6.359486495284755,8.664751556398796,25.11252747026154,True
lift_and_cruse,cruise_255,0.705820167828877,0.08145878889137209,6.359486495284743,8.664751556398793,25.116653767432275,True
lift_and_cruse,cruise_256,0.7053961205705525,0.08142158771979319,6.355579939051278,8.663502399365202,25.116653767432275,True
lift_and_cruse,cruise_256,0.7053961205705545,0.08142158771979333,6.355579939051294,8.66350239936521,25.120780064603007,True
lift_and_cruse,cruise_256,0.7053961205705545,0.08142158771979333,6.355579939051294,8.66350239936521,25.132341692354828,True
lift_and_cruse,cruise_256,0.705396120570554,0.0814215877197933,6.355579939051291,8.663502399365209,25.14904872851743,True
lift_and_cruse,cruise_256,0.7053961205705537,0.08142158771979328,6.35557993905129,8.663502399365205,25.16759213968045,True
lift_and_cruse,cruise_256,0.7053961205705546,0.08142158771979335,6.355579939051295,8.663502399365209,25.18429917584305,True
lift_and_cruse,cruise_256,0.7053961205705542,0.08142158771979334,6.355579939051296,8.663502399365207,25.195860803594876,True
lift_and_cruse,cruise_256,0.7053961205705539,0.08142158771979328,6.355579939051289,8.663502399365209,25.199987100765608,True
lift_and_cruse,cruise_257,0.7058227423101882,0.08145901481857504,6.359510213145012,8.664759129265088,25.199987100765608,True
lift_and_cruse,cruise_257,0.7058227423101947,0.0814590148185756,6.359510213145074,8.664759129265109,25.20411339793634,True
lift_and_cruse,cruise_257,0.7058227423101952,0.08145901481857565,6.359510213145078,8.664759129265109,25.21567502568816,True
lift_and_cruse,cruise_257,0.7058227423101956,0.08145901481857568,6.359510213145081,8.66475912926511,25.232382061850764,True
lift_and_cruse,cruise_257,0.7058227423101949,0.08145901481857562,6.359510213145075,8.664759129265109,25.250925473013787,True
lift_and_cruse,cruise_257,0.7058227423101947,0.08145901481857562,6.359510213145074,8.664759129265107,25.267632509176387,True
lift_and_cruse,cruise_257,0.7058227423101945,0.08145901481857559,6.359510213145071,8.664759129265107,25.279194136928208,True
lift_and_cruse,cruise_257,0.7058227423101947,0.0814590148185756,6.359510213145074,8.664759129265109,25.28332043409894,True
lift_and_cruse,cruise_258,0.7053929538519145,0.08142130999465466,6.355550765899593,8.663493057262574,25.28332043409894,True
lift_and_cruse,cruise_258,0.7053929538519144,0.08142130999465465,6.355550765899592,8.663493057262574,25.28744673126967,True
lift_and_cruse,cruise_258,0.7053929538519141,0.08142130999465462,6.355550765899587,8.663493057262574,25.299008359021496,True
lift_and_cruse,cruise_258,0.7053929538519141,0.08142130999465463,6.35555076589959,8.663493057262572,25.315715395184096,True
lift_and_cruse,cruise_258,0.7053929538519145,0.08142130999465466,6.355550765899593,8.663493057262574,25.33425880634712,True
lift_and_cruse,cruise_258,0.7053929538519144,0.08142130999465463,6.355550765899591,8.663493057262576,25.35096584250972,True
lift_and_cruse,cruise_258,0.7053929538519147,0.08142130999465466,6.3555507658995944,8.663493057262576,25.36252747026154,True
lift_and_cruse,cruise_258,0.7053929538519141,0.08142130999465463,6.35555076589959,8.663493057262572,25.366653767432275,True
lift_and_cruse,cruise_259,0.7058261860434908,0.08145931702953954,6.359541939147717,8.664769258837973,25.366653767432275,True
lift_and_cruse,cruise_259,0.7058261860434917,0.0814593170295396,6.359541939147723,8.664769258837978,25.370780064603007,True
lift_and_cruse,cruise_259,0.7058261860434911,0.08145931702953957,6.359541939147721,8.664769258837975,25.382341692354828,True
lift_and_cruse,cruise_259,0.705826186043491,0.08145931702953957,6.359541939147719,8.664769258837973,25.39904872851743,True
lift_and_cruse,cruise_259,0.705826186043491,0.08145931702953957,6.359541939147719,8.664769258837973,25.41759213968045,True
lift_and_cruse,cruise_259,0.7058261860434917,0.0814593170295396,6.359541939147723,8.664769258837978,25.43429917584305,True
lift_and_cruse,cruise_259,0.7058261860434911,0.08145931702953957,6.359541939147721,8.664769258837975,25.445860803594876,True
lift_and_cruse,cruise_259,0.7058261860434917,0.0814593170295396,6.359541939147723,8.664769258837978,25.449987100765608,True
lift_and_cruse,cruise_260,0.7053896479683684,0.08142102006596388,6.355520310708224,8.663483304395983,25.449987100765608,True
lift_and_cruse,cruise_260,0.7053896479683711,0.0814210200659641,6.355520310708248,8.663483304395992,25.45411339793634,True
lift_and_cruse,cruise_260,0.7053896479683711,0.08142102006596413,6.355520310708249,8.663483304395989,25.46567502568816,True
lift_and_cruse,cruise_260,0.7053896479683704,0.08142102006596405,6.355520310708243,8.66348330439599,25.482382061850764,True
lift_and_cruse,cruise_260,0.7053896479683711,0.0814210200659641,6.355520310708248,8.663483304395992,25.500925473013787,True
lift_and_cruse,cruise_260,0.7053896479683704,0.08142102006596405,6.355520310708243,8.66348330439599,25.517632509176387,True
lift_and_cruse,cruise_260,0.7053896479683704,0.08142102006596405,6.355520310708243,8.66348330439599,25.529194136928208,True
lift_and_cruse,cruise_260,0.7053896479683714,0.08142102006596413,6.355520310708251,8.663483304395994,25.53332043409894,True
lift_and_cruse,cruise_261,0.7053903884210161,0.08142108500414397,6.355527132069266,8.663485488864646,25.53332043409894,True
lift_and_cruse,cruise_261,0.7053903884210181,0.08142108500414413,6.355527132069285,8.663485488864653,25.53744673126967,True
lift_and_cruse,cruise_261,0.70539038842102,0.08142108500414429,6.3555271320693025,8.66348548886466,25.549008359021496,True
lift_and_cruse,cruise_261,0.7053903884210185,0.08142108500414419,6.355527132069288,8.663485488864652,25.565715395184096,True
lift_and_cruse,cruise_261,0.7053903884210196,0.08142108500414427,6.355527132069299,8.663485488864657,25.58425880634712,True
lift_and_cruse,cruise_261,0.7053903884210193,0.08142108500414422,6.3555271320692945,8.663485488864659,25.60096584250972,True
lift_and_cruse,cruise_261,0.7053903884210176,0.0814210850041441,6.355527132069279,8.66348548886465,25.61252747026154,True
lift_and_cruse,cruise_261,0.7053903884210196,0.08142108500414427,6.355527132069299,8.663485488864657,25.616653767432272,True
lift_and_cruse,cruise_262,0.7053911545528142,0.0814211521944769,6.355534189997779,8.66348774907982,25.616653767432272,True
lift_and_cruse,cruise_262,0.7053911545528194,0.08142115219447733,6.355534189997824,8.663487749079838,25.620780064603007,True
lift_and_cruse,cruise_262,0.7053911545528198,0.08142115219447735,6.355534189997826,8.663487749079842,25.632341692354828,True
lift_and_cruse,cruise_262,0.7053911545528196,0.08142115219447736,6.355534189997828,8.663487749079838,25.64904872851743,True
lift_and_cruse,cruise_262,0.7053911545528204,0.0814211521944774,6.355534189997833,8.663487749079843,25.66759213968045,True
lift_and_cruse,cruise_262,0.7053911545528204,0.08142115219447743,6.355534189997836,8.663487749079842,25.68429917584305,True
lift_and_cruse,cruise_262,0.7053911545528198,0.08142115219447735,6.355534189997826,8.663487749079842,25.695860803594876,True
lift_and_cruse,cruise_262,0.705391154552821,0.08142115219447746,6.355534189997838,8.663487749079845,25.699987100765608,True
lift_and_cruse,cruise_263,0.7053919482016656,0.08142122179815586,6.355541501425326,8.663490090462414,25.699987100765608,True
lift_and_cruse,cruise_263,0.7053919482016663,0.08142122179815595,6.355541501425333,8.663490090462414,25.70411339793634,True
lift_and_cruse,cruise_263,0.7053919482016665,0.08142122179815597,6.355541501425335,8.663490090462414,25.71567502568816,True
lift_and_cruse,cruise_263,0.7053919482016663,0.08142122179815595,6.355541501425333,8.663490090462414,25.73238206185076,True
lift_and_cruse,cruise_263,0.7053919482016663,0.08142122179815595,6.355541501425333,8.663490090462414,25.750925473013783,True
lift_and_cruse,cruise_263,0.7053919482016665,0.08142122179815597,6.355541501425335,8.663490090462414,25.767632509176387,True
lift_and_cruse,cruise_263,0.7053919482016661,0.08142122179815595,6.355541501425332,8.66349009046241,25.779194136928208,True
lift_and_cruse,cruise_263,0.7053919482016661,0.08142122179815595,6.355541501425332,8.66349009046241,25.78332043409894,True
lift_and_cruse,cruise_264,0.7053927714097938,0.08142129399429468,6.355549085165782,8.663492519035891,25.78332043409894,True
lift_and_cruse,cruise_264,0.7053927714097971,0.08142129399429493,6.35554908516581,8.663492519035904,25.78744673126967,True
lift_and_cruse,cruise_264,0.7053927714097976,0.08142129399429497,6.355549085165816,8.663492519035906,25.799008359021496,True
lift_and_cruse,cruise_264,0.7053927714097985,0.08142129399429505,6.3555490851658245,8.663492519035907,25.815715395184096,True
lift_and_cruse,cruise_264,0.7053927714097984,0.08142129399429504,6.355549085165824,8.663492519035907,25.83425880634712,True
lift_and_cruse,cruise_264,0.7053927714097985,0.08142129399429505,6.3555490851658245,8.663492519035907,25.85096584250972,True
lift_and_cruse,cruise_264,0.7053927714097984,0.08142129399429504,6.355549085165824,8.663492519035907,25.86252747026154,True
lift_and_cruse,cruise_264,0.7053927714097974,0.08142129399429497,6.355549085165815,8.663492519035904,25.866653767432272,True
lift_and_cruse,cruise_265,0.7061322661062461,0.0814861837536638,6.362361783917503,8.665668627222917,25.866653767432272,True
lift_and_cruse,cruise_265,0.7061322661062199,0.0814861837536616,6.362361783917263,8.66566862722283,25.870780064603007,True
lift_and_cruse,cruise_265,0.7061322661062208,0.08148618375366168,6.3623617839172715,8.665668627222832,25.882341692354828,True
lift_and_cruse,cruise_265,0.7061322661062189,0.08148618375366151,6.3623617839172555,8.665668627222827,25.89904872851743,True
lift_and_cruse,cruise_265,0.7061322661062227,0.08148618375366184,6.362361783917288,8.665668627222837,25.91759213968045,True
lift_and_cruse,cruise_265,0.7061322661062194,0.08148618375366154,6.362361783917257,8.665668627222828,25.93429917584305,True
lift_and_cruse,cruise_265,0.706132266106223,0.08148618375366186,6.362361783917291,8.66566862722284,25.945860803594876,True
lift_and_cruse,cruise_265,0.706132266106222,0.08148618375366178,6.362361783917281,8.665668627222836,25.949987100765608,True
lift_and_cruse,cruise_266,0.7053668151546393,0.0814190176480763,6.355309965389233,8.663415938073593,25.949987100765608,True
lift_and_cruse,cruise_266,0.7053668151546411,0.08141901764807645,6.35530996538925,8.663415938073598,25.95411339793634,True
lift_and_cruse,cruise_266,0.7053668151546411,0.08141901764807645,6.35530996538925,8.663415938073598,25.96567502568816,True
lift_and_cruse,cruise_266,0.7053668151546414,0.08141901764807646,6.355309965389252,8.6634159380736,25.98238206185076,True
lift_and_cruse,cruise_266,0.7053668151546405,0.08141901764807638,6.355309965389243,8.663415938073598,26.000925473013783,True
lift_and_cruse,cruise_266,0.7053668151546401,0.08141901764807635,6.355309965389239,8.663415938073596,26.017632509176387,True
lift_and_cruse,cruise_266,0.70536681515464,0.08141901764807634,6.355309965389238,8.663415938073596,26.029194136928208,True
lift_and_cruse,cruise_266,0.7053668151546414,0.08141901764807646,6.355309965389252,8.6634159380736,26.03332043409894,True
lift_and_cruse,cruise_267,0.7061425647019388,0.08148708794184542,6.362456663459173,8.665698855331398,26.03332043409894,True
lift_and_cruse,cruise_267,0.7061425647019355,0.08148708794184514,6.362456663459142,8.665698855331387,26.03744673126967,True
lift_and_cruse,cruise_267,0.7061425647019358,0.08148708794184517,6.362456663459146,8.665698855331387,26.049008359021496,True
lift_and_cruse,cruise_267,0.7061425647019358,0.08148708794184517,6.362456663459146,8.665698855331387,26.065715395184096,True
lift_and_cruse,cruise_267,0.7061425647019355,0.08148708794184514,6.362456663459143,8.665698855331387,26.08425880634712,True
lift_and_cruse,cruise_267,0.7061425647019361,0.0814870879418452,6.362456663459148,8.665698855331389,26.10096584250972,True
lift_and_cruse,cruise_267,0.7061425647019361,0.0814870879418452,6.362456663459148,8.665698855331389,26.11252747026154,True
lift_and_cruse,cruise_267,0.7061425647019358,0.08148708794184517,6.362456663459146,8.665698855331387,26.116653767432272,True
lift_and_cruse,cruise_268,0.7053372392723491,0.08141642396906715,6.355037500592788,8.663328661307093,26.116653767432272,True
lift_and_cruse,cruise_268,0.7053372392723274,0.08141642396906532,6.355037500592588,8.66332866130702,26.120780064603007,True
lift_and_cruse,cruise_268,0.7053372392723274,0.08141642396906532,6.355037500592588,8.66332866130702,26.132341692354828,True
lift_and_cruse,cruise_268,0.7053372392723252,0.08141642396906514,6.355037500592571,8.663328661307013,26.14904872851743,True
lift_and_cruse,cruise_268,0.705337239272328,0.08141642396906534,6.355037500592593,8.663328661307025,26.16759213968045,True
lift_and_cruse,cruise_268,0.7053372392723296,0.08141642396906548,6.355037500592607,8.663328661307029,26.18429917584305,True
lift_and_cruse,cruise_268,0.7053372392723318,0.08141642396906568,6.35503750059263,8.663328661307036,26.195860803594876,True
lift_and_cruse,cruise_268,0.705337239272331,0.08141642396906562,6.355037500592623,8.663328661307032,26.199987100765608,True
lift_and_cruse,cruise_269,0.7061569448869467,0.08148835050520034,6.3625891462251944,8.665741060028965,26.199987100765608,True
lift_and_cruse,cruise_269,0.7061569448869417,0.08148835050519992,6.362589146225149,8.665741060028948,26.20411339793634,True
lift_and_cruse,cruise_269,0.7061569448869409,0.08148835050519984,6.362589146225141,8.665741060028948,26.21567502568816,True
lift_and_cruse,cruise_269,0.7061569448869419,0.08148835050519995,6.362589146225151,8.665741060028948,26.23238206185076,True
lift_and_cruse,cruise_269,0.7061569448869406,0.08148835050519984,6.3625891462251385,8.665741060028944,26.250925473013783,True
lift_and_cruse,cruise_269,0.7061569448869413,0.08148835050519988,6.362589146225146,8.665741060028948,26.267632509176387,True
lift_and_cruse,cruise_269,0.7061569448869417,0.08148835050519992,6.362589146225148,8.665741060028948,26.279194136928208,True
lift_and_cruse,cruise_269,0.706156944886941,0.08148835050519986,6.362589146225142,8.665741060028948,26.28332043409894,True
lift_and_cruse,cruise_270,0.7053030589162093,0.08141342663805622,6.3547226181944385,8.663227775091825,26.28332043409894,True
lift_and_cruse,cruise_270,0.7053030589162236,0.08141342663805742,6.354722618194568,8.663227775091872,26.28744673126967,True
lift_and_cruse,cruise_270,0.7053030589162218,0.08141342663805728,6.354722618194552,8.663227775091865,26.299008359021496,True
lift_and_cruse,cruise_270,0.7053030589162231,0.08141342663805738,6.354722618194564,8.66322777509187,26.315715395184096,True
lift_and_cruse,cruise_270,0.7053030589162257,0.08141342663805762,6.3547226181945895,8.663227775091878,26.33425880634712,True
lift_and_cruse,cruise_270,0.7053030589162249,0.08141342663805755,6.354722618194582,8.663227775091876,26.35096584250972,True
lift_and_cruse,cruise_270,0.7053030589162241,0.08141342663805748,6.354722618194575,8.663227775091872,26.36252747026154,True
lift_and_cruse,cruise_270,0.7053030589162256,0.08141342663805762,6.3547226181945895,8.663227775091876,26.366653767432272,True
lift_and_cruse,cruise_271,0.7061809649541924,0.08149045949850434,6.3628104402398264,8.665811547757361,26.366653767432272,True
lift_and_cruse,cruise_271,0.706180964954192,0.0814904594985043,6.362810440239822,8.665811547757361,26.370780064603007,True
lift_and_cruse,cruise_271,0.706180964954192,0.08149045949850431,6.362810440239825,8.66581154775736,26.382341692354828,True
lift_and_cruse,cruise_271,0.7061809649541921,0.08149045949850432,6.3628104402398264,8.66581154775736,26.39904872851743,True
lift_and_cruse,cruise_271,0.7061809649541917,0.08149045949850428,6.36281044023982,8.665811547757357,26.41759213968045,True
lift_and_cruse,cruise_271,0.7061809649541894,0.08149045949850407,6.362810440239798,8.665811547757352,26.43429917584305,True
lift_and_cruse,cruise_271,0.7061809649541916,0.08149045949850427,6.3628104402398185,8.66581154775736,26.445860803594876,True
lift_and_cruse,cruise_271,0.7061809649541929,0.08149045949850436,6.36281044023983,8.665811547757365,26.449987100765608,True
lift_and_cruse,cruise_272,0.7052626994909565,0.08140988764873913,6.354350812757118,8.663108620588787,26.449987100765608,True
lift_and_cruse,cruise_272,0.7052626994909665,0.08140988764873998,6.354350812757208,8.663108620588819,26.45411339793634,True
lift_and_cruse,cruise_272,0.7052626994909659,0.0814098876487399,6.354350812757201,8.66310862058882,26.46567502568816,True
lift_and_cruse,cruise_272,0.705262699490967,0.08140988764874002,6.354350812757213,8.66310862058882,26.48238206185076,True
lift_and_cruse,cruise_272,0.705262699490967,0.08140988764874002,6.354350812757213,8.66310862058882,26.500925473013783,True
lift_and_cruse,cruise_272,0.7052626994909659,0.0814098876487399,6.354350812757201,8.66310862058882,26.517632509176387,True
lift_and_cruse,cruise_272,0.705262699490967,0.08140988764874002,6.354350812757213,8.66310862058882,26.529194136928208,True
lift_and_cruse,cruise_272,0.7052626994909664,0.08140988764873996,6.354350812757208,8.663108620588819,26.53332043409894,True
lift_and_cruse,cruise_273,0.7062503073003541,0.0814965482655447,6.363449284919262,8.666014970341317,26.53332043409894,True
lift_and_cruse,cruise_273,0.7062503073003523,0.08149654826554456,6.363449284919246,8.66601497034131,26.53744673126967,True
lift_and_cruse,cruise_273,0.7062503073003525,0.08149654826554459,6.363449284919249,8.66601497034131,26.549008359021496,True
lift_and_cruse,cruise_273,0.7062503073003528,0.0814965482655446,6.363449284919251,8.666014970341312,26.565715395184096,True
lift_and_cruse,cruise_273,0.7062503073003525,0.08149654826554459,6.363449284919249,8.66601497034131,26.58425880634712,True
lift_and_cruse,cruise_273,0.7062503073003523,0.08149654826554456,6.363449284919246,8.66601497034131,26.60096584250972,True
lift_and_cruse,cruise_273,0.7062503073003527,0.08149654826554459,6.363449284919248,8.666014970341312,26.61252747026154,True
lift_and_cruse,cruise_273,0.7062503073003525,0.08149654826554459,6.363449284919247,8.66601497034131,26.616653767432272,True
lift_and_cruse,cruise_274,0.7052122243574038,0.0814054619413456,6.353885819156182,8.662959555042198,26.616653767432272,True
lift_and_cruse,cruise_274,0.7052122243573979,0.08140546194134513,6.353885819156131,8.662959555042177,26.620780064603007,True
lift_and_cruse,cruise_274,0.7052122243573967,0.08140546194134501,6.353885819156121,8.662959555042173,26.632341692354828,True
lift_and_cruse,cruise_274,0.7052122243573969,0.08140546194134504,6.3538858191561225,8.662959555042173,26.64904872851743,True
lift_and_cruse,cruise_274,0.7052122243573969,0.08140546194134504,6.3538858191561225,8.662959555042173,26.66759213968045,True
lift_and_cruse,cruise_274,0.7052122243573965,0.08140546194134499,6.353885819156118,8.662959555042173,26.68429917584305,True
lift_and_cruse,cruise_274,0.7052122243573974,0.08140546194134506,6.353885819156123,8.662959555042177,26.695860803594876,True
lift_and_cruse,cruise_274,0.7052122243573973,0.08140546194134506,6.353885819156124,8.662959555042175,26.699987100765608,True
lift_and_cruse,cruise_275,0.7052135242653252,0.08140557591437159,6.353897794318415,8.662963394634307,26.699987100765608,True
lift_and_cruse,cruise_275,0.7052135242653511,0.08140557591437375,6.353897794318651,8.662963394634394,26.70411339793634,True
lift_and_cruse,cruise_275,0.7052135242653504,0.0814055759143737,6.353897794318644,8.662963394634392,26.71567502568816,True
lift_and_cruse,cruise_275,0.7052135242653488,0.08140557591437354,6.353897794318628,8.662963394634387,26.73238206185076,True
lift_and_cruse,cruise_275,0.7052135242653476,0.08140557591437347,6.353897794318619,8.66296339463438,26.750925473013783,True
lift_and_cruse,cruise_275,0.7052135242653459,0.08140557591437333,6.353897794318605,8.662963394634374,26.767632509176387,True
lift_and_cruse,cruise_275,0.7052135242653454,0.08140557591437328,6.353897794318598,8.662963394634374,26.779194136928208,True
lift_and_cruse,cruise_275,0.7052135242653448,0.08140557591437325,6.353897794318595,8.66296339463437,26.78332043409894,True
lift_and_cruse,cruise_276,0.7052149109288097,0.0814056974941722,6.353910568701381,8.662967490442494,26.78332043409894,True
lift_and_cruse,cruise_276,0.7052149109287803,0.08140569749416973,6.353910568701113,8.662967490442394,26.78744673126967,True
lift_and_cruse,cruise_276,0.7052149109287822,0.0814056974941699,6.353910568701131,8.6629674904424,26.799008359021496,True
lift_and_cruse,cruise_276,0.7052149109287827,0.08140569749416993,6.353910568701135,8.662967490442403,26.815715395184096,True
lift_and_cruse,cruise_276,0.7052149109287801,0.08140569749416973,6.35391056870111,8.662967490442393,26.83425880634712,True
lift_and_cruse,cruise_276,0.7052149109287821,0.0814056974941699,6.35391056870113,8.6629674904424,26.85096584250972,True
lift_and_cruse,cruise_276,0.7052149109287867,0.08140569749417029,6.353910568701174,8.662967490442414,26.86252747026154,True
lift_and_cruse,cruise_276,0.705214910928782,0.08140569749416987,6.353910568701128,8.6629674904424,26.866653767432272,True
lift_and_cruse,cruise_277,0.7052163967024648,0.08140582776402441,6.3539242561198765,8.662971878950911,26.866653767432272,True
lift_and_cruse,cruise_277,0.7052163967024534,0.08140582776402346,6.353924256119773,8.662971878950872,26.870780064603007,True
lift_and_cruse,cruise_277,0.7052163967024566,0.08140582776402373,6.353924256119804,8.662971878950882,26.882341692354828,True
lift_and_cruse,cruise_277,0.7052163967024527,0.08140582776402341,6.353924256119767,8.662971878950868,26.89904872851743,True
lift_and_cruse,cruise_277,0.7052163967024526,0.08140582776402341,6.353924256119766,8.662971878950868,26.91759213968045,True
lift_and_cruse,cruise_277,0.7052163967024526,0.08140582776402341,6.353924256119766,8.662971878950868,26.93429917584305,True
lift_and_cruse,cruise_277,0.7052163967024517,0.08140582776402334,6.353924256119759,8.662971878950865,26.945860803594876,True
lift_and_cruse,cruise_277,0.7052163967024525,0.08140582776402337,6.353924256119762,8.66297187895087,26.949987100765608,True
lift_and_cruse,cruise_278,0.7052179967753182,0.08140596805574533,6.353938996500532,8.662976605012517,26.949987100765608,True
lift_and_cruse,cruise_278,0.7052179967875382,0.08140596805677193,6.3539389966121815,8.662976605053382,26.95411339793634,True
lift_and_cruse,cruise_278,0.7052179967926182,0.08140596805719869,6.353938996658593,8.662976605070371,26.96567502568816,True
lift_and_cruse,cruise_278,0.7052179968347679,0.08140596806073963,6.353938997043691,8.662976605211327,26.98238206185076,True
lift_and_cruse,cruise_278,0.7052179968355269,0.08140596806080341,6.353938997050626,8.662976605213863,27.000925473013783,True
lift_and_cruse,cruise_278,0.7052179968205436,0.08140596805954468,6.353938996913734,8.662976605163758,27.017632509176387,True
lift_and_cruse,cruise_278,0.7052179968190138,0.08140596805941616,6.353938996899754,8.66297660515864,27.029194136928208,True
lift_and_cruse,cruise_278,0.7052179968294918,0.0814059680602964,6.3539389969954865,8.662976605193682,27.03332043409894,True
lift_and_cruse,cruise_279,0.7052197301246043,0.0814061200332725,6.353954964667369,8.662981724670887,27.03332043409894,True
lift_and_cruse,cruise_279,0.7052197301238533,0.08140612003320939,6.353954964660506,8.662981724668379,27.03744673126967,True
lift_and_cruse,cruise_279,0.7052197301238495,0.0814061200332091,6.353954964660473,8.662981724668363,27.049008359021496,True
lift_and_cruse,cruise_279,0.7052197301238591,0.0814061200332099,6.353954964660562,8.662981724668395,27.065715395184096,True
lift_and_cruse,cruise_279,0.7052197301238278,0.08140612003320725,6.353954964660272,8.662981724668292,27.08425880634712,True
lift_and_cruse,cruise_279,0.7052197301238172,0.08140612003320638,6.353954964660177,8.662981724668255,27.10096584250972,True
lift_and_cruse,cruise_279,0.7052197301238053,0.08140612003320538,6.353954964660068,8.662981724668215,27.11252747026154,True
lift_and_cruse,cruise_279,0.7052197301238177,0.0814061200332064,6.35395496466018,8.66298172466826,27.116653767432272,True
lift_and_cruse,cruise_280,0.7052216208504011,0.08140628580979803,6.353972382639157,8.6629873090896,27.116653767432272,True
lift_and_cruse,cruise_280,0.7052216208504201,0.08140628580979965,6.353972382639334,8.66298730908966,27.120780064603007,True
lift_and_cruse,cruise_280,0.7052216208504193,0.08140628580979958,6.353972382639327,8.662987309089658,27.132341692354828,True
lift_and_cruse,cruise_280,0.7052216208504183,0.08140628580979947,6.353972382639317,8.662987309089658,27.14904872851743,True
lift_and_cruse,cruise_280,0.7052216208504175,0.08140628580979942,6.35397238263931,8.662987309089655,27.16759213968045,True
lift_and_cruse,cruise_280,0.705221620850416,0.08140628580979928,6.353972382639293,8.66298730908965,27.18429917584305,True
lift_and_cruse,cruise_280,0.7052216208504168,0.08140628580979936,6.353972382639302,8.662987309089651,27.195860803594876,True
lift_and_cruse,cruise_280,0.7052216208504162,0.0814062858097993,6.353972382639297,8.66298730908965,27.199987100765608,True
lift_and_cruse,cruise_281,0.7052237002471986,0.08140646812929789,6.3539915387110595,8.662993450681238,27.199987100765608,True
lift_and_cruse,cruise_281,0.7052237002472383,0.08140646812930122,6.353991538711422,8.662993450681373,27.20411339793634,True
lift_and_cruse,cruise_281,0.7052237002472391,0.08140646812930127,6.35399153871143,8.662993450681377,27.21567502568816,True
lift_and_cruse,cruise_281,0.70522370024724,0.08140646812930136,6.353991538711436,8.662993450681379,27.23238206185076,True
lift_and_cruse,cruise_281,0.7052237002472407,0.08140646812930141,6.353991538711444,8.66299345068138,27.250925473013783,True
lift_and_cruse,cruise_281,0.7052237002472419,0.0814064681293015,6.353991538711454,8.662993450681387,27.267632509176387,True
lift_and_cruse,cruise_281,0.7052237002472883,0.0814064681293054,6.353991538711877,8.662993450681542,27.279194136928208,True
lift_and_cruse,cruise_281,0.705223700247293,0.0814064681293058,6.35399153871192,8.662993450681556,27.28332043409894,True
lift_and_cruse,cruise_282,0.705226009949955,0.08140667064245619,6.354012816438495,8.663000272389926,27.28332043409894,True
lift_and_cruse,cruise_282,0.7052260099499547,0.08140667064245616,6.35401281643849,8.663000272389926,27.28744673126967,True
lift_and_cruse,cruise_282,0.7052260099499553,0.08140667064245621,6.354012816438496,8.663000272389928,27.299008359021496,True
lift_and_cruse,cruise_282,0.7052260099499543,0.08140667064245613,6.3540128164384875,8.663000272389924,27.315715395184096,True
lift_and_cruse,cruise_282,0.7052260099499543,0.08140667064245613,6.3540128164384875,8.663000272389924,27.33425880634712,True
lift_and_cruse,cruise_282,0.7052260099499549,0.08140667064245619,6.3540128164384955,8.663000272389926,27.35096584250972,True
lift_and_cruse,cruise_282,0.7052260099499538,0.0814066706424561,6.354012816438485,8.66300027238992,27.36252747026154,True
lift_and_cruse,cruise_282,0.7052260099499553,0.08140667064245621,6.354012816438496,8.663000272389928,27.366653767432272,True
lift_and_cruse,cruise_283,0.7052286070658936,0.08140689835660185,6.354036741912158,8.663007942848393,27.366653767432272,True
lift_and_cruse,cruise_283,0.7052286070579981,0.08140689835593853,6.3540367418400185,8.663007942821991,27.370780064603007,True
lift_and_cruse,cruise_283,0.7052286070579996,0.08140689835593867,6.354036741840034,8.663007942821997,27.382341692354828,True
lift_and_cruse,cruise_283,0.7052286070579981,0.08140689835593853,6.3540367418400185,8.663007942821991,27.39904872851743,True
lift_and_cruse,cruise_283,0.7052286070579994,0.08140689835593864,6.35403674184003,8.663007942821997,27.41759213968045,True
lift_and_cruse,cruise_283,0.7052286070580592,0.08140689835594368,6.35403674184058,8.663007942822196,27.43429917584305,True
lift_and_cruse,cruise_283,0.7052286070580989,0.081406898355947,6.35403674184094,8.663007942822329,27.445860803594876,True
lift_and_cruse,cruise_283,0.7052286070581151,0.08140689835594836,6.354036741841089,8.663007942822384,27.449987100765608,True
lift_and_cruse,cruise_284,0.7052315728696132,0.0814071583982765,6.354064063863203,8.663016702036659,27.449987100765608,True
lift_and_cruse,cruise_284,0.7052315729273747,0.08140715840312908,6.354064064390935,8.663016702229806,27.45411339793634,True
lift_and_cruse,cruise_284,0.7052315729041112,0.08140715840117471,6.354064064178391,8.663016702152014,27.46567502568816,True
lift_and_cruse,cruise_284,0.7052315728950255,0.08140715840041138,6.354064064095378,8.663016702121636,27.48238206185076,True
lift_and_cruse,cruise_284,0.7052315728741406,0.08140715839865684,6.354064063904564,8.6630167020518,27.500925473013783,True
lift_and_cruse,cruise_284,0.705231572888135,0.08140715839983254,6.354064064032424,8.663016702098593,27.517632509176387,True
lift_and_cruse,cruise_284,0.7052315728708909,0.08140715839838383,6.354064063874874,8.663016702040933,27.529194136928208,True
lift_and_cruse,cruise_284,0.7052315728862156,0.08140715839967128,6.3540640640148895,8.663016702092175,27.53332043409894,True
lift_and_cruse,cruise_285,0.7059534089562659,0.08146784748369887,6.3606595140134,8.665423608958394,27.53332043409894,False
lift_and_cruse,cruise_285,0.7051573703815243,0.08140093762041054,6.353386378522944,8.662767174376043,27.53744673126967,False
lift_and_cruse,cruise_285,0.7051613652844495,0.08140127319800453,6.353422877680822,8.66278053869231,27.549008359021496,False
lift_and_cruse,cruise_285,0.7051645151808957,0.0814015377953187,6.353451656501228,8.662791075937744,27.565715395184096,False
lift_and_cruse,cruise_285,0.7051654386739931,0.08140161537074914,6.353460093935886,8.662794165229641,27.58425880634712,False
lift_and_cruse,cruise_285,0.705163398320044,0.08140144397672586,6.353441452375316,8.662787339763444,27.60096584250972,False
lift_and_cruse,cruise_285,0.7051609464258144,0.08140123801317792,6.353419050807058,8.662779137482614,27.61252747026154,False
lift_and_cruse,cruise_285,0.7051599472536297,0.08140115408113491,6.353409921937973,8.662775794932541,27.616653767432272,False
lift_and_cruse,cruise_286,0.7052391678193862,0.08140782432858734,6.354134031039381,8.663039132121026,27.616653767432272,True
lift_and_cruse,cruise_286,0.7052391678171789,0.08140782432840188,6.354134031019212,8.663039132113648,27.620780064603007,True
lift_and_cruse,cruise_286,0.705239167817179,0.0814078243284019,6.354134031019215,8.663039132113646,27.632341692354828,True
lift_and_cruse,cruise_286,0.7052391678171792,0.0814078243284019,6.354134031019216,8.66303913211365,27.64904872851743,True
lift_and_cruse,cruise_286,0.7052391678171798,0.08140782432840196,6.35413403101922,8.66303913211365,27.66759213968045,True
lift_and_cruse,cruise_286,0.7052391678171799,0.08140782432840198,6.354134031019222,8.66303913211365,27.68429917584305,True
lift_and_cruse,cruise_286,0.7052391678171803,0.08140782432840202,6.354134031019227,8.663039132113651,27.695860803594876,True
lift_and_cruse,cruise_286,0.7052391678171805,0.08140782432840203,6.354134031019229,8.663039132113651,27.699987100765608,True
lift_and_cruse,cruise_287,0.7052443246910735,0.08140827649084348,6.354181537858024,8.663054361191357,27.699987100765608,True
lift_and_cruse,cruise_287,0.7052443247601453,0.08140827649664639,6.3541815384890965,8.663054361422303,27.712822422532994,True
lift_and_cruse,cruise_287,0.7052443247806152,0.08140827649836613,6.354181538676122,8.663054361490744,27.74878619494423,True
lift_and_cruse,cruise_287,0.7052443248025013,0.08140827650020482,6.354181538876083,8.663054361563924,27.800755351806554,True
lift_and_cruse,cruise_287,0.7052443247290157,0.08140827649403112,6.354181538204682,8.663054361318217,27.858436764243493,True
lift_and_cruse,cruise_287,0.7052443248192348,0.08140827650161066,6.354181539028967,8.663054361619873,27.910405921105813,True
lift_and_cruse,cruise_287,0.7052443248533564,0.0814082765044773,6.354181539340719,8.66305436173396,27.946369693517052,True
lift_and_cruse,cruise_287,0.7052443247929339,0.08140827649940102,6.354181538788669,8.663054361531936,27.95920501528444,True
lift_and_cruse,decel_descend,0.9567393251662742,0.10774470994334073,8.692559657712547,8.87968723169231,27.95920501528444,True
lift_and_cruse,decel_descend,0.9550822246296194,0.10753976061925594,8.67710667274471,8.881200954232026,28.078042373801534,True
lift_and_cruse,decel_descend,0.950457529397006,0.1069697697069015,8.63399108185627,8.885290975209832,28.41101725305396,True
lift_and_cruse,decel_descend,0.9438222590542314,0.10615710688933247,8.572159817257923,8.890806152414788,28.89217989453686,True
lift_and_cruse,decel_descend,0.9365229681916192,0.10527013104634997,8.504180030845006,8.896378857733845,29.426230136032014,True
lift_and_cruse,decel_descend,0.930004788832967,0.10448431130832753,8.44350970310348,8.900903659005547,29.907392777514918,True
lift_and_cruse,decel_descend,0.9255261093519586,0.10394779560283088,8.401841843069734,8.903758891513743,30.240367656767337,True
lift_and_cruse,decel_descend,0.9239339939905586,0.10375774501889615,8.387033182825226,8.904723149315684,30.359205015284434,True
lift_and_cruse,arrival_terminal_procedure,0.933554243176014,0.10491787113615333,8.477579192419215,8.897952589645362,30.359205015284434,True
lift_and_cruse,arrival_terminal_procedure,0.9335542431760122,0.10491787113615314,8.477579192419197,8.897952589645362,30.39468485783534,True
lift_and_cruse,arrival_terminal_procedure,0.9335542431760125,0.1049178711361532,8.477579192419203,8.89795258964536,30.49409716753915,True
lift_and_cruse,arrival_terminal_procedure,0.9335542431760186,0.10491787113615389,8.477579192419256,8.89795258964536,30.63775211724704,True
lift_and_cruse,arrival_terminal_procedure,0.9335542431760125,0.1049178711361532,8.477579192419203,8.89795258964536,30.797197082357034,True
lift_and_cruse,arrival_terminal_procedure,0.933554243176012,0.10491787113615308,8.477579192419194,8.897952589645364,30.940852032064928,True
lift_and_cruse,arrival_terminal_procedure,0.9335542431760113,0.104917871136153,8.477579192419187,8.897952589645366,31.04026434176873,True
lift_and_cruse,arrival_terminal_procedure,0.9335542431760098,0.10491787113615283,8.477579192419174,8.897952589645364,31.075744184319642,True
lift_and_cruse,second_descent,1.1721848496265475,0.13717058676965274,10.737747494295691,8.545453345584715,31.075744184319642,True
lift_and_cruse,second_descent,1.17178437694587,0.13710909079087666,10.733931800950797,8.54636530799489,31.099511656023058,True
lift_and_cruse,second_descent,1.1706631363017848,0.13693707218685108,10.723249784982608,8.548913143873932,31.166106631873546,True
lift_and_cruse,second_descent,1.1690451312563284,0.1366892478788544,10.70783804555294,8.552575637056949,31.262339160170125,True
lift_and_cruse,second_descent,1.1672523697024908,0.13641521426043168,10.69076573115655,8.556614275252885,31.369149208469157,True
lift_and_cruse,second_descent,1.1656399258268868,0.13616923999766017,10.675414126985707,8.560229357576764,31.465381736765735,True
lift_and_cruse,second_descent,1.164525619851855,0.1359995284162263,10.664807098982509,8.562718072726152,31.53197671261622,True
lift_and_cruse,second_descent,1.1641282333334382,0.13593905916979893,10.661024778063782,8.563603723925642,31.55574418431964,True
lift_and_cruse,app_transition,1.7482827193809842,0.27452350696898886,16.687230767100317,6.3684262913721135,31.55574418431964,True
lift_and_cruse,app_transition,1.7482591270928232,0.2745154659992475,16.686965237163783,6.368526890567308,31.55653399761132,True
lift_and_cruse,app_transition,1.748193024556959,0.27449293741364417,16.686221268951066,6.368808760724282,31.558747005277517,True
lift_and_cruse,app_transition,1.7480975079097445,0.2744603871706462,16.685146283928432,6.369216067682882,31.56194489400919,True
lift_and_cruse,app_transition,1.7479914983596148,0.2744242653627142,16.6839532515464,6.369668134300171,31.565494282723492,True
lift_and_cruse,app_transition,1.7478959923981856,0.27439172635606146,16.682878466489285,6.370075423229224,31.56869217145516,True
lift_and_cruse,app_transition,1.747829903183974,0.2743692117808374,16.682134747592308,6.370357270917547,31.570905179121365,True
lift_and_cruse,app_transition,1.7478063168049642,0.2743611770397045,16.681869328391606,6.370457860195098,31.571694992413043,True
lift_and_cruse,hover_descent,0.0,0.0,90.0,,31.571694992413043,True
lift_and_cruse,hover_descent,0.0,0.0,90.0,,31.58291428691499,True
lift_and_cruse,hover_descent,0.0,0.0,90.0,,31.6143500515491,True
lift_and_cruse,hover_descent,0.0,0.0,90.0,,31.659776047595233,True
lift_and_cruse,hover_descent,0.0,0.0,90.0,,31.710195099423174,True
lift_and_cruse,hover_descent,0.0,0.0,90.0,,31.75562109546931,True
lift_and_cruse,hover_descent,0.0,0.0,90.0,,31.78705686010342,True
lift_and_cruse,hover_descent,0.0,0.0,90.0,,31.79827615460536,True
