eVTOL_type,mission_segment,altitude_ft,air_speed_mph,pitch_angle_deg,range_nmi,time_min,fesibility
vector_thrust,hover_climb,0.0,4.122669681180012,0.0,0.0,0.0,True
vector_thrust,hover_climb,2.475778302439521,4.122669681180012,0.0,0.0,0.0068241810578069505,True
vector_thrust,hover_climb,9.412754953531659,4.122669681180012,0.0,0.0,0.02594511147964082,True
vector_thrust,hover_climb,19.436976651092134,4.122669681180012,0.0,0.0,0.05357565649263506,True
vector_thrust,hover_climb,30.563023348907855,4.122669681180012,0.0,0.0,0.08424324779056967,True
vector_thrust,hover_climb,40.587245046468325,4.122669681180012,0.0,0.0,0.1118737928035639,True
vector_thrust,hover_climb,47.52422169756047,4.122669681180012,0.0,0.0,0.1309947232253978,True
vector_thrust,hover_climb,49.99999999999999,4.122669681180012,0.0,0.0,0.13781890428320473,True
vector_thrust,second_climb,49.99999999999999,87.07718344944797,14.284904870921533,0.0,0.13781890428320473,True
vector_thrust,second_climb,62.378891512197605,87.07718344944797,14.288708145241273,0.03115632862844538,0.16257668730759992,True
vector_thrust,second_climb,97.06377476765829,87.07718344944797,14.299373899419203,0.11845442152162294,0.23194645381852125,True
vector_thrust,second_climb,147.18488325546068,87.07718344944797,14.314810406839126,0.24460382074119053,0.3321886707941259,True
vector_thrust,second_climb,202.81511674453927,87.07718344944797,14.331977014133356,0.384619090650861,0.443449137772283,True
vector_thrust,second_climb,252.93622523234166,87.07718344944797,14.347473760659412,0.5107684898704284,0.5436913547478877,True
vector_thrust,second_climb,287.6211084878023,87.07718344944797,14.358214632333109,0.5980665827636057,0.6130611212588091,True
vector_thrust,second_climb,299.99999999999994,87.07718344944797,14.36205133724753,0.6292229113920512,0.6378189042832043,True
vector_thrust,departure_terminal_procedures,299.99999999999994,86.1983983759603,11.002689193780714,0.6292229113920512,0.6378189042832043,True
vector_thrust,departure_terminal_procedures,299.99999999999994,86.1983983759603,11.002689193768822,0.6729017050258289,0.6728065553128535,True
vector_thrust,departure_terminal_procedures,299.99999999999994,86.1983983759603,11.00268919373193,0.7952869651627427,0.7708397750199986,True
vector_thrust,departure_terminal_procedures,299.99999999999994,86.1983983759603,11.002689193673413,0.9721387900759617,0.9125018819431004,True
vector_thrust,departure_terminal_procedures,299.99999999999994,86.1983983759603,11.002689193602588,1.1684295068961272,1.0697349584343128,True
vector_thrust,departure_terminal_procedures,299.99999999999994,86.1983983759603,11.002689193565761,1.3452813318093462,1.2113970653574146,True
vector_thrust,departure_terminal_procedures,299.99999999999994,86.1983983759603,11.002689193495543,1.4676665919462597,1.3094302850645594,True
vector_thrust,departure_terminal_procedures,299.99999999999994,86.1983983759603,11.002689193495542,1.5113453855800374,1.3444179360942088,True
vector_thrust,accel_climb,299.99999999999994,90.64471903486081,13.398329975439852,1.5113453855800374,1.3444179360942088,True
vector_thrust,accel_climb,359.4186792585485,90.64471903486081,13.415352142744474,1.667048493886878,1.4632552946113055,True
vector_thrust,accel_climb,525.9061188847598,90.64471903486081,13.463240310977922,2.1033189086339212,1.7962301738637279,True
vector_thrust,accel_climb,766.4874396262113,90.64471903486081,13.532946680632008,2.733747923675007,2.2773928153466305,True
vector_thrust,accel_climb,1033.5125603737886,90.64471903486081,13.611021464522809,3.43347134087677,2.8114430568417843,True
vector_thrust,accel_climb,1274.09388111524,90.64471903486081,13.682008227953046,4.0639003559178555,3.2926056983246874,True
vector_thrust,accel_climb,1440.5813207414515,90.64471903486081,13.731494521088184,4.500170770664896,3.62558057757711,True
vector_thrust,accel_climb,1500.0,90.64471903486081,13.74922832805166,4.655873878971738,3.744417936094207,True
vector_thrust,cruise_0,1500.0,101.75,8.139433505888112,4.655873878971738,3.744417936094207,True
vector_thrust,cruise_0,1500.0,101.75,8.13943350588701,7.441594361929598,5.634786415539584,True
vector_thrust,cruise_0,1500.0,101.75,8.139433505888467,15.247009704533696,10.931481192673601,True
vector_thrust,cruise_0,1500.0,101.75,8.139433505888125,26.52616167104422,18.585426907186406,True
vector_thrust,cruise_0,1500.0,101.75,8.139433505883659,39.04507588477277,27.08066574083474,True
vector_thrust,cruise_0,1500.0,101.75,8.139433505888169,50.32422785128328,34.73461145534753,True
vector_thrust,cruise_0,1500.0,101.75,8.13943350588817,58.129643193887354,40.03130623248156,True
vector_thrust,cruise_0,1500.0,101.75,8.139433505888169,60.91536367684522,41.92167471192694,True
vector_thrust,cruise_1,1500.0,0.0,,,,False
vector_thrust,cruise_1,1500.0,0.0,,,,False
vector_thrust,cruise_1,1500.0,0.0,,,,False
vector_thrust,cruise_1,1500.0,0.0,,,,False
vector_thrust,cruise_1,1500.0,0.0,,,,False
vector_thrust,cruise_1,1500.0,0.0,,,,False
vector_thrust,cruise_1,1500.0,0.0,,,,False
vector_thrust,cruise_1,1500.0,0.0,,,,False
vector_thrust,cruise_2,1500.0,101.74999999999847,,,,False
vector_thrust,cruise_2,1500.0,101.74999999999847,,,,False
vector_thrust,cruise_2,1500.0,101.74999999999847,,,,False
vector_thrust,cruise_2,1500.0,101.74999999999847,,,,False
vector_thrust,cruise_2,1500.0,101.74999999999847,,,,False
vector_thrust,cruise_2,1500.0,101.74999999999847,,,,False
vector_thrust,cruise_2,1500.0,101.74999999999847,,,,False
vector_thrust,cruise_2,1500.0,101.74999999999847,,,,False
vector_thrust,cruise_3,1500.0,0.0,,,,False
vector_thrust,cruise_3,1500.0,0.0,,,,False
vector_thrust,cruise_3,1500.0,0.0,,,,False
vector_thrust,cruise_3,1500.0,0.0,,,,False
vector_thrust,cruise_3,1500.0,0.0,,,,False
vector_thrust,cruise_3,1500.0,0.0,,,,False
vector_thrust,cruise_3,1500.0,0.0,,,,False
vector_thrust,cruise_3,1500.0,0.0,,,,False
vector_thrust,cruise_4,1500.0,101.74999999999847,,,,False
vector_thrust,cruise_4,1500.0,101.74999999999847,,,,False
vector_thrust,cruise_4,1500.0,101.74999999999847,,,,False
vector_thrust,cruise_4,1500.0,101.74999999999847,,,,False
vector_thrust,cruise_4,1500.0,101.74999999999847,,,,False
vector_thrust,cruise_4,1500.0,101.74999999999847,,,,False
vector_thrust,cruise_4,1500.0,101.74999999999847,,,,False
vector_thrust,cruise_4,1500.0,101.74999999999847,,,,False
vector_thrust,cruise_5,1500.0,0.0,,,,False
vector_thrust,cruise_5,1500.0,0.0,,,,False
vector_thrust,cruise_5,1500.0,0.0,,,,False
vector_thrust,cruise_5,1500.0,0.0,,,,False
vector_thrust,cruise_5,1500.0,0.0,,,,False
vector_thrust,cruise_5,1500.0,0.0,,,,False
vector_thrust,cruise_5,1500.0,0.0,,,,False
vector_thrust,cruise_5,1500.0,0.0,,,,False
vector_thrust,cruise_6,1500.0,101.74999999999847,,,,False
vector_thrust,cruise_6,1500.0,101.74999999999847,,,,False
vector_thrust,cruise_6,1500.0,101.74999999999847,,,,False
vector_thrust,cruise_6,1500.0,101.74999999999847,,,,False
vector_thrust,cruise_6,1500.0,101.74999999999847,,,,False
vector_thrust,cruise_6,1500.0,101.74999999999847,,,,False
vector_thrust,cruise_6,1500.0,101.74999999999847,,,,False
vector_thrust,cruise_6,1500.0,101.74999999999847,,,,False
vector_thrust,cruise_7,1500.0,0.0,,,,False
vector_thrust,cruise_7,1500.0,0.0,,,,False
vector_thrust,cruise_7,1500.0,0.0,,,,False
vector_thrust,cruise_7,1500.0,0.0,,,,False
vector_thrust,cruise_7,1500.0,0.0,,,,False
vector_thrust,cruise_7,1500.0,0.0,,,,False
vector_thrust,cruise_7,1500.0,0.0,,,,False
vector_thrust,cruise_7,1500.0,0.0,,,,False
vector_thrust,cruise_8,1500.0,101.74999999999847,,,,False
vector_thrust,cruise_8,1500.0,101.74999999999847,,,,False
vector_thrust,cruise_8,1500.0,101.74999999999847,,,,False
vector_thrust,cruise_8,1500.0,101.74999999999847,,,,False
vector_thrust,cruise_8,1500.0,101.74999999999847,,,,False
vector_thrust,cruise_8,1500.0,101.74999999999847,,,,False
vector_thrust,cruise_8,1500.0,101.74999999999847,,,,False
vector_thrust,cruise_8,1500.0,101.74999999999847,,,,False
vector_thrust,cruise_9,1500.0,0.0,,,,False
vector_thrust,cruise_9,1500.0,0.0,,,,False
vector_thrust,cruise_9,1500.0,0.0,,,,False
vector_thrust,cruise_9,1500.0,0.0,,,,False
vector_thrust,cruise_9,1500.0,0.0,,,,False
vector_thrust,cruise_9,1500.0,0.0,,,,False
vector_thrust,cruise_9,1500.0,0.0,,,,False
vector_thrust,cruise_9,1500.0,0.0,,,,False
vector_thrust,cruise_10,1500.0,101.74999999999847,,,,False
vector_thrust,cruise_10,1500.0,101.74999999999847,,,,False
vector_thrust,cruise_10,1500.0,101.74999999999847,,,,False
vector_thrust,cruise_10,1500.0,101.74999999999847,,,,False
vector_thrust,cruise_10,1500.0,101.74999999999847,,,,False
vector_thrust,cruise_10,1500.0,101.74999999999847,,,,False
vector_thrust,cruise_10,1500.0,101.74999999999847,,,,False
vector_thrust,cruise_10,1500.0,101.74999999999847,,,,False
vector_thrust,cruise_11,1500.0,0.0,,,,False
vector_thrust,cruise_11,1500.0,0.0,,,,False
vector_thrust,cruise_11,1500.0,0.0,,,,False
vector_thrust,cruise_11,1500.0,0.0,,,,False
vector_thrust,cruise_11,1500.0,0.0,,,,False
vector_thrust,cruise_11,1500.0,0.0,,,,False
vector_thrust,cruise_11,1500.0,0.0,,,,False
vector_thrust,cruise_11,1500.0,0.0,,,,False
vector_thrust,cruise_12,1500.0,101.74999999999847,,,,False
vector_thrust,cruise_12,1500.0,101.74999999999847,,,,False
vector_thrust,cruise_12,1500.0,101.74999999999847,,,,False
vector_thrust,cruise_12,1500.0,101.74999999999847,,,,False
vector_thrust,cruise_12,1500.0,101.74999999999847,,,,False
vector_thrust,cruise_12,1500.0,101.74999999999847,,,,False
vector_thrust,cruise_12,1500.0,101.74999999999847,,,,False
vector_thrust,cruise_12,1500.0,101.74999999999847,,,,False
vector_thrust,cruise_13,1500.0,0.0,,,,False
vector_thrust,cruise_13,1500.0,0.0,,,,False
vector_thrust,cruise_13,1500.0,0.0,,,,False
vector_thrust,cruise_13,1500.0,0.0,,,,False
vector_thrust,cruise_13,1500.0,0.0,,,,False
vector_thrust,cruise_13,1500.0,0.0,,,,False
vector_thrust,cruise_13,1500.0,0.0,,,,False
vector_thrust,cruise_13,1500.0,0.0,,,,False
vector_thrust,cruise_14,1500.0,101.74999999999847,,,,False
vector_thrust,cruise_14,1500.0,101.74999999999847,,,,False
vector_thrust,cruise_14,1500.0,101.74999999999847,,,,False
vector_thrust,cruise_14,1500.0,101.74999999999847,,,,False
vector_thrust,cruise_14,1500.0,101.74999999999847,,,,False
vector_thrust,cruise_14,1500.0,101.74999999999847,,,,False
vector_thrust,cruise_14,1500.0,101.74999999999847,,,,False
vector_thrust,cruise_14,1500.0,101.74999999999847,,,,False
vector_thrust,cruise_15,1500.0,0.0,,,,False
vector_thrust,cruise_15,1500.0,0.0,,,,False
vector_thrust,cruise_15,1500.0,0.0,,,,False
vector_thrust,cruise_15,1500.0,0.0,,,,False
vector_thrust,cruise_15,1500.0,0.0,,,,False
vector_thrust,cruise_15,1500.0,0.0,,,,False
vector_thrust,cruise_15,1500.0,0.0,,,,False
vector_thrust,cruise_15,1500.0,0.0,,,,False
vector_thrust,cruise_16,1500.0,101.74999999999847,,,,False
vector_thrust,cruise_16,1500.0,101.74999999999847,,,,False
vector_thrust,cruise_16,1500.0,101.74999999999847,,,,False
vector_thrust,cruise_16,1500.0,101.74999999999847,,,,False
vector_thrust,cruise_16,1500.0,101.74999999999847,,,,False
vector_thrust,cruise_16,1500.0,101.74999999999847,,,,False
vector_thrust,cruise_16,1500.0,101.74999999999847,,,,False
vector_thrust,cruise_16,1500.0,101.74999999999847,,,,False
vector_thrust,cruise_17,1500.0,0.0,,,,False
vector_thrust,cruise_17,1500.0,0.0,,,,False
vector_thrust,cruise_17,1500.0,0.0,,,,False
vector_thrust,cruise_17,1500.0,0.0,,,,False
vector_thrust,cruise_17,1500.0,0.0,,,,False
vector_thrust,cruise_17,1500.0,0.0,,,,False
vector_thrust,cruise_17,1500.0,0.0,,,,False
vector_thrust,cruise_17,1500.0,0.0,,,,False
vector_thrust,cruise_18,1500.0,101.74999999999847,,,,False
vector_thrust,cruise_18,1500.0,101.74999999999847,,,,False
vector_thrust,cruise_18,1500.0,101.74999999999847,,,,False
vector_thrust,cruise_18,1500.0,101.74999999999847,,,,False
vector_thrust,cruise_18,1500.0,101.74999999999847,,,,False
vector_thrust,cruise_18,1500.0,101.74999999999847,,,,False
vector_thrust,cruise_18,1500.0,101.74999999999847,,,,False
vector_thrust,cruise_18,1500.0,101.74999999999847,,,,False
vector_thrust,cruise_19,1500.0,0.0,,,,False
vector_thrust,cruise_19,1500.0,0.0,,,,False
vector_thrust,cruise_19,1500.0,0.0,,,,False
vector_thrust,cruise_19,1500.0,0.0,,,,False
vector_thrust,cruise_19,1500.0,0.0,,,,False
vector_thrust,cruise_19,1500.0,0.0,,,,False
vector_thrust,cruise_19,1500.0,0.0,,,,False
vector_thrust,cruise_19,1500.0,0.0,,,,False
vector_thrust,cruise_20,1500.0,101.74999999999847,,,,False
vector_thrust,cruise_20,1500.0,101.74999999999847,,,,False
vector_thrust,cruise_20,1500.0,101.74999999999847,,,,False
vector_thrust,cruise_20,1500.0,101.74999999999847,,,,False
vector_thrust,cruise_20,1500.0,101.74999999999847,,,,False
vector_thrust,cruise_20,1500.0,101.74999999999847,,,,False
vector_thrust,cruise_20,1500.0,101.74999999999847,,,,False
vector_thrust,cruise_20,1500.0,101.74999999999847,,,,False
vector_thrust,cruise_21,1500.0,0.0,,,,False
vector_thrust,cruise_21,1500.0,0.0,,,,False
vector_thrust,cruise_21,1500.0,0.0,,,,False
vector_thrust,cruise_21,1500.0,0.0,,,,False
vector_thrust,cruise_21,1500.0,0.0,,,,False
vector_thrust,cruise_21,1500.0,0.0,,,,False
vector_thrust,cruise_21,1500.0,0.0,,,,False
vector_thrust,cruise_21,1500.0,0.0,,,,False
vector_thrust,cruise_22,1500.0,101.74999999999847,,,,False
vector_thrust,cruise_22,1500.0,101.74999999999847,,,,False
vector_thrust,cruise_22,1500.0,101.74999999999847,,,,False
vector_thrust,cruise_22,1500.0,101.74999999999847,,,,False
vector_thrust,cruise_22,1500.0,101.74999999999847,,,,False
vector_thrust,cruise_22,1500.0,101.74999999999847,,,,False
vector_thrust,cruise_22,1500.0,101.74999999999847,,,,False
vector_thrust,cruise_22,1500.0,101.74999999999847,,,,False
vector_thrust,cruise_23,1500.0,0.0,,,,False
vector_thrust,cruise_23,1500.0,0.0,,,,False
vector_thrust,cruise_23,1500.0,0.0,,,,False
vector_thrust,cruise_23,1500.0,0.0,,,,False
vector_thrust,cruise_23,1500.0,0.0,,,,False
vector_thrust,cruise_23,1500.0,0.0,,,,False
vector_thrust,cruise_23,1500.0,0.0,,,,False
vector_thrust,cruise_23,1500.0,0.0,,,,False
vector_thrust,cruise_24,1500.0,101.74999999999847,,,,False
vector_thrust,cruise_24,1500.0,101.74999999999847,,,,False
vector_thrust,cruise_24,1500.0,101.74999999999847,,,,False
vector_thrust,cruise_24,1500.0,101.74999999999847,,,,False
vector_thrust,cruise_24,1500.0,101.74999999999847,,,,False
vector_thrust,cruise_24,1500.0,101.74999999999847,,,,False
vector_thrust,cruise_24,1500.0,101.74999999999847,,,,False
vector_thrust,cruise_24,1500.0,101.74999999999847,,,,False
vector_thrust,cruise_25,1500.0,0.0,,,,False
vector_thrust,cruise_25,1500.0,0.0,,,,False
vector_thrust,cruise_25,1500.0,0.0,,,,False
vector_thrust,cruise_25,1500.0,0.0,,,,False
vector_thrust,cruise_25,1500.0,0.0,,,,False
vector_thrust,cruise_25,1500.0,0.0,,,,False
vector_thrust,cruise_25,1500.0,0.0,,,,False
vector_thrust,cruise_25,1500.0,0.0,,,,False
vector_thrust,cruise_26,1500.0,101.74999999999847,,,,False
vector_thrust,cruise_26,1500.0,101.74999999999847,,,,False
vector_thrust,cruise_26,1500.0,101.74999999999847,,,,False
vector_thrust,cruise_26,1500.0,101.74999999999847,,,,False
vector_thrust,cruise_26,1500.0,101.74999999999847,,,,False
vector_thrust,cruise_26,1500.0,101.74999999999847,,,,False
vector_thrust,cruise_26,1500.0,101.74999999999847,,,,False
vector_thrust,cruise_26,1500.0,101.74999999999847,,,,False
vector_thrust,cruise_27,1500.0,0.0,,,,False
vector_thrust,cruise_27,1500.0,0.0,,,,False
vector_thrust,cruise_27,1500.0,0.0,,,,False
vector_thrust,cruise_27,1500.0,0.0,,,,False
vector_thrust,cruise_27,1500.0,0.0,,,,False
vector_thrust,cruise_27,1500.0,0.0,,,,False
vector_thrust,cruise_27,1500.0,0.0,,,,False
vector_thrust,cruise_27,1500.0,0.0,,,,False
vector_thrust,cruise_28,1500.0,101.74999999999847,,,,False
vector_thrust,cruise_28,1500.0,101.74999999999847,,,,False
vector_thrust,cruise_28,1500.0,101.74999999999847,,,,False
vector_thrust,cruise_28,1500.0,101.74999999999847,,,,False
vector_thrust,cruise_28,1500.0,101.74999999999847,,,,False
vector_thrust,cruise_28,1500.0,101.74999999999847,,,,False
vector_thrust,cruise_28,1500.0,101.74999999999847,,,,False
vector_thrust,cruise_28,1500.0,101.74999999999847,,,,False
vector_thrust,cruise_29,1500.0,0.0,,,,False
vector_thrust,cruise_29,1500.0,0.0,,,,False
vector_thrust,cruise_29,1500.0,0.0,,,,False
vector_thrust,cruise_29,1500.0,0.0,,,,False
vector_thrust,cruise_29,1500.0,0.0,,,,False
vector_thrust,cruise_29,1500.0,0.0,,,,False
vector_thrust,cruise_29,1500.0,0.0,,,,False
vector_thrust,cruise_29,1500.0,0.0,,,,False
vector_thrust,cruise_30,1500.0,101.74999999999847,,,,False
vector_thrust,cruise_30,1500.0,101.74999999999847,,,,False
vector_thrust,cruise_30,1500.0,101.74999999999847,,,,False
vector_thrust,cruise_30,1500.0,101.74999999999847,,,,False
vector_thrust,cruise_30,1500.0,101.74999999999847,,,,False
vector_thrust,cruise_30,1500.0,101.74999999999847,,,,False
vector_thrust,cruise_30,1500.0,101.74999999999847,,,,False
vector_thrust,cruise_30,1500.0,101.74999999999847,,,,False
vector_thrust,cruise_31,1500.0,0.0,,,,False
vector_thrust,cruise_31,1500.0,0.0,,,,False
vector_thrust,cruise_31,1500.0,0.0,,,,False
vector_thrust,cruise_31,1500.0,0.0,,,,False
vector_thrust,cruise_31,1500.0,0.0,,,,False
vector_thrust,cruise_31,1500.0,0.0,,,,False
vector_thrust,cruise_31,1500.0,0.0,,,,False
vector_thrust,cruise_31,1500.0,0.0,,,,False
vector_thrust,cruise_32,1500.0,101.74999999999847,,,,False
vector_thrust,cruise_32,1500.0,101.74999999999847,,,,False
vector_thrust,cruise_32,1500.0,101.74999999999847,,,,False
vector_thrust,cruise_32,1500.0,101.74999999999847,,,,False
vector_thrust,cruise_32,1500.0,101.74999999999847,,,,False
vector_thrust,cruise_32,1500.0,101.74999999999847,,,,False
vector_thrust,cruise_32,1500.0,101.74999999999847,,,,False
vector_thrust,cruise_32,1500.0,101.74999999999847,,,,False
vector_thrust,cruise_33,1500.0,0.0,,,,False
vector_thrust,cruise_33,1500.0,0.0,,,,False
vector_thrust,cruise_33,1500.0,0.0,,,,False
vector_thrust,cruise_33,1500.0,0.0,,,,False
vector_thrust,cruise_33,1500.0,0.0,,,,False
vector_thrust,cruise_33,1500.0,0.0,,,,False
vector_thrust,cruise_33,1500.0,0.0,,,,False
vector_thrust,cruise_33,1500.0,0.0,,,,False
vector_thrust,cruise_34,1500.0,101.74999999999847,,,,False
vector_thrust,cruise_34,1500.0,101.74999999999847,,,,False
vector_thrust,cruise_34,1500.0,101.74999999999847,,,,False
vector_thrust,cruise_34,1500.0,101.74999999999847,,,,False
vector_thrust,cruise_34,1500.0,101.74999999999847,,,,False
vector_thrust,cruise_34,1500.0,101.74999999999847,,,,False
vector_thrust,cruise_34,1500.0,101.74999999999847,,,,False
vector_thrust,cruise_34,1500.0,101.74999999999847,,,,False
vector_thrust,cruise_35,1500.0,0.0,,,,False
vector_thrust,cruise_35,1500.0,0.0,,,,False
vector_thrust,cruise_35,1500.0,0.0,,,,False
vector_thrust,cruise_35,1500.0,0.0,,,,False
vector_thrust,cruise_35,1500.0,0.0,,,,False
vector_thrust,cruise_35,1500.0,0.0,,,,False
vector_thrust,cruise_35,1500.0,0.0,,,,False
vector_thrust,cruise_35,1500.0,0.0,,,,False
vector_thrust,cruise_36,1500.0,101.74999999999847,,,,False
vector_thrust,cruise_36,1500.0,101.74999999999847,,,,False
vector_thrust,cruise_36,1500.0,101.74999999999847,,,,False
vector_thrust,cruise_36,1500.0,101.74999999999847,,,,False
vector_thrust,cruise_36,1500.0,101.74999999999847,,,,False
vector_thrust,cruise_36,1500.0,101.74999999999847,,,,False
vector_thrust,cruise_36,1500.0,101.74999999999847,,,,False
vector_thrust,cruise_36,1500.0,101.74999999999847,,,,False
vector_thrust,cruise_37,1500.0,0.0,,,,False
vector_thrust,cruise_37,1500.0,0.0,,,,False
vector_thrust,cruise_37,1500.0,0.0,,,,False
vector_thrust,cruise_37,1500.0,0.0,,,,False
vector_thrust,cruise_37,1500.0,0.0,,,,False
vector_thrust,cruise_37,1500.0,0.0,,,,False
vector_thrust,cruise_37,1500.0,0.0,,,,False
vector_thrust,cruise_37,1500.0,0.0,,,,False
vector_thrust,cruise_38,1500.0,101.74999999999847,,,,False
vector_thrust,cruise_38,1500.0,101.74999999999847,,,,False
vector_thrust,cruise_38,1500.0,101.74999999999847,,,,False
vector_thrust,cruise_38,1500.0,101.74999999999847,,,,False
vector_thrust,cruise_38,1500.0,101.74999999999847,,,,False
vector_thrust,cruise_38,1500.0,101.74999999999847,,,,False
vector_thrust,cruise_38,1500.0,101.74999999999847,,,,False
vector_thrust,cruise_38,1500.0,101.74999999999847,,,,False
vector_thrust,cruise_39,1500.0,0.0,,,,False
vector_thrust,cruise_39,1500.0,0.0,,,,False
vector_thrust,cruise_39,1500.0,0.0,,,,False
vector_thrust,cruise_39,1500.0,0.0,,,,False
vector_thrust,cruise_39,1500.0,0.0,,,,False
vector_thrust,cruise_39,1500.0,0.0,,,,False
vector_thrust,cruise_39,1500.0,0.0,,,,False
vector_thrust,cruise_39,1500.0,0.0,,,,False
vector_thrust,cruise_40,1500.0,101.74999999999847,,,,False
vector_thrust,cruise_40,1500.0,101.74999999999847,,,,False
vector_thrust,cruise_40,1500.0,101.74999999999847,,,,False
vector_thrust,cruise_40,1500.0,101.74999999999847,,,,False
vector_thrust,cruise_40,1500.0,101.74999999999847,,,,False
vector_thrust,cruise_40,1500.0,101.74999999999847,,,,False
vector_thrust,cruise_40,1500.0,101.74999999999847,,,,False
vector_thrust,cruise_40,1500.0,101.74999999999847,,,,False
vector_thrust,cruise_41,1500.0,0.0,,,,False
vector_thrust,cruise_41,1500.0,0.0,,,,False
vector_thrust,cruise_41,1500.0,0.0,,,,False
vector_thrust,cruise_41,1500.0,0.0,,,,False
vector_thrust,cruise_41,1500.0,0.0,,,,False
vector_thrust,cruise_41,1500.0,0.0,,,,False
vector_thrust,cruise_41,1500.0,0.0,,,,False
vector_thrust,cruise_41,1500.0,0.0,,,,False
vector_thrust,cruise_42,1500.0,101.74999999999847,,,,False
vector_thrust,cruise_42,1500.0,101.74999999999847,,,,False
vector_thrust,cruise_42,1500.0,101.74999999999847,,,,False
vector_thrust,cruise_42,1500.0,101.74999999999847,,,,False
vector_thrust,cruise_42,1500.0,101.74999999999847,,,,False
vector_thrust,cruise_42,1500.0,101.74999999999847,,,,False
vector_thrust,cruise_42,1500.0,101.74999999999847,,,,False
vector_thrust,cruise_42,1500.0,101.74999999999847,,,,False
vector_thrust,cruise_43,1500.0,0.0,,,,False
vector_thrust,cruise_43,1500.0,0.0,,,,False
vector_thrust,cruise_43,1500.0,0.0,,,,False
vector_thrust,cruise_43,1500.0,0.0,,,,False
vector_thrust,cruise_43,1500.0,0.0,,,,False
vector_thrust,cruise_43,1500.0,0.0,,,,False
vector_thrust,cruise_43,1500.0,0.0,,,,False
vector_thrust,cruise_43,1500.0,0.0,,,,False
vector_thrust,cruise_44,1500.0,101.74999999999847,,,,False
vector_thrust,cruise_44,1500.0,101.74999999999847,,,,False
vector_thrust,cruise_44,1500.0,101.74999999999847,,,,False
vector_thrust,cruise_44,1500.0,101.74999999999847,,,,False
vector_thrust,cruise_44,1500.0,101.74999999999847,,,,False
vector_thrust,cruise_44,1500.0,101.74999999999847,,,,False
vector_thrust,cruise_44,1500.0,101.74999999999847,,,,False
vector_thrust,cruise_44,1500.0,101.74999999999847,,,,False
vector_thrust,cruise_45,1500.0,0.0,,,,False
vector_thrust,cruise_45,1500.0,0.0,,,,False
vector_thrust,cruise_45,1500.0,0.0,,,,False
vector_thrust,cruise_45,1500.0,0.0,,,,False
vector_thrust,cruise_45,1500.0,0.0,,,,False
vector_thrust,cruise_45,1500.0,0.0,,,,False
vector_thrust,cruise_45,1500.0,0.0,,,,False
vector_thrust,cruise_45,1500.0,0.0,,,,False
vector_thrust,cruise_46,1500.0,101.74999999999847,,,,False
vector_thrust,cruise_46,1500.0,101.74999999999847,,,,False
vector_thrust,cruise_46,1500.0,101.74999999999847,,,,False
vector_thrust,cruise_46,1500.0,101.74999999999847,,,,False
vector_thrust,cruise_46,1500.0,101.74999999999847,,,,False
vector_thrust,cruise_46,1500.0,101.74999999999847,,,,False
vector_thrust,cruise_46,1500.0,101.74999999999847,,,,False
vector_thrust,cruise_46,1500.0,101.74999999999847,,,,False
vector_thrust,cruise_47,1500.0,0.0,,,,False
vector_thrust,cruise_47,1500.0,0.0,,,,False
vector_thrust,cruise_47,1500.0,0.0,,,,False
vector_thrust,cruise_47,1500.0,0.0,,,,False
vector_thrust,cruise_47,1500.0,0.0,,,,False
vector_thrust,cruise_47,1500.0,0.0,,,,False
vector_thrust,cruise_47,1500.0,0.0,,,,False
vector_thrust,cruise_47,1500.0,0.0,,,,False
vector_thrust,cruise_48,1500.0,101.74999999999847,,,,False
vector_thrust,cruise_48,1500.0,101.74999999999847,,,,False
vector_thrust,cruise_48,1500.0,101.74999999999847,,,,False
vector_thrust,cruise_48,1500.0,101.74999999999847,,,,False
vector_thrust,cruise_48,1500.0,101.74999999999847,,,,False
vector_thrust,cruise_48,1500.0,101.74999999999847,,,,False
vector_thrust,cruise_48,1500.0,101.74999999999847,,,,False
vector_thrust,cruise_48,1500.0,101.74999999999847,,,,False
vector_thrust,cruise_49,1500.0,0.0,,,,False
vector_thrust,cruise_49,1500.0,0.0,,,,False
vector_thrust,cruise_49,1500.0,0.0,,,,False
vector_thrust,cruise_49,1500.0,0.0,,,,False
vector_thrust,cruise_49,1500.0,0.0,,,,False
vector_thrust,cruise_49,1500.0,0.0,,,,False
vector_thrust,cruise_49,1500.0,0.0,,,,False
vector_thrust,cruise_49,1500.0,0.0,,,,False
vector_thrust,cruise_50,1500.0,101.74999999999847,,,,False
vector_thrust,cruise_50,1500.0,101.74999999999847,,,,False
vector_thrust,cruise_50,1500.0,101.74999999999847,,,,False
vector_thrust,cruise_50,1500.0,101.74999999999847,,,,False
vector_thrust,cruise_50,1500.0,101.74999999999847,,,,False
vector_thrust,cruise_50,1500.0,101.74999999999847,,,,False
vector_thrust,cruise_50,1500.0,101.74999999999847,,,,False
vector_thrust,cruise_50,1500.0,101.74999999999847,,,,False
vector_thrust,cruise_51,1500.0,0.0,,,,False
vector_thrust,cruise_51,1500.0,0.0,,,,False
vector_thrust,cruise_51,1500.0,0.0,,,,False
vector_thrust,cruise_51,1500.0,0.0,,,,False
vector_thrust,cruise_51,1500.0,0.0,,,,False
vector_thrust,cruise_51,1500.0,0.0,,,,False
vector_thrust,cruise_51,1500.0,0.0,,,,False
vector_thrust,cruise_51,1500.0,0.0,,,,False
vector_thrust,cruise_52,1500.0,101.74999999999847,,,,False
vector_thrust,cruise_52,1500.0,101.74999999999847,,,,False
vector_thrust,cruise_52,1500.0,101.74999999999847,,,,False
vector_thrust,cruise_52,1500.0,101.74999999999847,,,,False
vector_thrust,cruise_52,1500.0,101.74999999999847,,,,False
vector_thrust,cruise_52,1500.0,101.74999999999847,,,,False
vector_thrust,cruise_52,1500.0,101.74999999999847,,,,False
vector_thrust,cruise_52,1500.0,101.74999999999847,,,,False
vector_thrust,cruise_53,1500.0,0.0,,,,False
vector_thrust,cruise_53,1500.0,0.0,,,,False
vector_thrust,cruise_53,1500.0,0.0,,,,False
vector_thrust,cruise_53,1500.0,0.0,,,,False
vector_thrust,cruise_53,1500.0,0.0,,,,False
vector_thrust,cruise_53,1500.0,0.0,,,,False
vector_thrust,cruise_53,1500.0,0.0,,,,False
vector_thrust,cruise_53,1500.0,0.0,,,,False
vector_thrust,cruise_54,1500.0,101.74999999999847,,,,False
vector_thrust,cruise_54,1500.0,101.74999999999847,,,,False
vector_thrust,cruise_54,1500.0,101.74999999999847,,,,False
vector_thrust,cruise_54,1500.0,101.74999999999847,,,,False
vector_thrust,cruise_54,1500.0,101.74999999999847,,,,False
vector_thrust,cruise_54,1500.0,101.74999999999847,,,,False
vector_thrust,cruise_54,1500.0,101.74999999999847,,,,False
vector_thrust,cruise_54,1500.0,101.74999999999847,,,,False
vector_thrust,cruise_55,1500.0,0.0,,,,False
vector_thrust,cruise_55,1500.0,0.0,,,,False
vector_thrust,cruise_55,1500.0,0.0,,,,False
vector_thrust,cruise_55,1500.0,0.0,,,,False
vector_thrust,cruise_55,1500.0,0.0,,,,False
vector_thrust,cruise_55,1500.0,0.0,,,,False
vector_thrust,cruise_55,1500.0,0.0,,,,False
vector_thrust,cruise_55,1500.0,0.0,,,,False
vector_thrust,cruise_56,1500.0,101.74999999999847,,,,False
vector_thrust,cruise_56,1500.0,101.74999999999847,,,,False
vector_thrust,cruise_56,1500.0,101.74999999999847,,,,False
vector_thrust,cruise_56,1500.0,101.74999999999847,,,,False
vector_thrust,cruise_56,1500.0,101.74999999999847,,,,False
vector_thrust,cruise_56,1500.0,101.74999999999847,,,,False
vector_thrust,cruise_56,1500.0,101.74999999999847,,,,False
vector_thrust,cruise_56,1500.0,101.74999999999847,,,,False
vector_thrust,cruise_57,1500.0,0.0,,,,False
vector_thrust,cruise_57,1500.0,0.0,,,,False
vector_thrust,cruise_57,1500.0,0.0,,,,False
vector_thrust,cruise_57,1500.0,0.0,,,,False
vector_thrust,cruise_57,1500.0,0.0,,,,False
vector_thrust,cruise_57,1500.0,0.0,,,,False
vector_thrust,cruise_57,1500.0,0.0,,,,False
vector_thrust,cruise_57,1500.0,0.0,,,,False
vector_thrust,cruise_58,1500.0,101.74999999999847,,,,False
vector_thrust,cruise_58,1500.0,101.74999999999847,,,,False
vector_thrust,cruise_58,1500.0,101.74999999999847,,,,False
vector_thrust,cruise_58,1500.0,101.74999999999847,,,,False
vector_thrust,cruise_58,1500.0,101.74999999999847,,,,False
vector_thrust,cruise_58,1500.0,101.74999999999847,,,,False
vector_thrust,cruise_58,1500.0,101.74999999999847,,,,False
vector_thrust,cruise_58,1500.0,101.74999999999847,,,,False
vector_thrust,cruise_59,1500.0,0.0,,,,False
vector_thrust,cruise_59,1500.0,0.0,,,,False
vector_thrust,cruise_59,1500.0,0.0,,,,False
vector_thrust,cruise_59,1500.0,0.0,,,,False
vector_thrust,cruise_59,1500.0,0.0,,,,False
vector_thrust,cruise_59,1500.0,0.0,,,,False
vector_thrust,cruise_59,1500.0,0.0,,,,False
vector_thrust,cruise_59,1500.0,0.0,,,,False
vector_thrust,cruise_60,1500.0,101.74999999999847,,,,False
vector_thrust,cruise_60,1500.0,101.74999999999847,,,,False
vector_thrust,cruise_60,1500.0,101.74999999999847,,,,False
vector_thrust,cruise_60,1500.0,101.74999999999847,,,,False
vector_thrust,cruise_60,1500.0,101.74999999999847,,,,False
vector_thrust,cruise_60,1500.0,101.74999999999847,,,,False
vector_thrust,cruise_60,1500.0,101.74999999999847,,,,False
vector_thrust,cruise_60,1500.0,101.74999999999847,,,,False
vector_thrust,cruise_61,1500.0,0.0,,,,False
vector_thrust,cruise_61,1500.0,0.0,,,,False
vector_thrust,cruise_61,1500.0,0.0,,,,False
vector_thrust,cruise_61,1500.0,0.0,,,,False
vector_thrust,cruise_61,1500.0,0.0,,,,False
vector_thrust,cruise_61,1500.0,0.0,,,,False
vector_thrust,cruise_61,1500.0,0.0,,,,False
vector_thrust,cruise_61,1500.0,0.0,,,,False
vector_thrust,cruise_62,1500.0,101.74999999999847,,,,False
vector_thrust,cruise_62,1500.0,101.74999999999847,,,,False
vector_thrust,cruise_62,1500.0,101.74999999999847,,,,False
vector_thrust,cruise_62,1500.0,101.74999999999847,,,,False
vector_thrust,cruise_62,1500.0,101.74999999999847,,,,False
vector_thrust,cruise_62,1500.0,101.74999999999847,,,,False
vector_thrust,cruise_62,1500.0,101.74999999999847,,,,False
vector_thrust,cruise_62,1500.0,101.74999999999847,,,,False
vector_thrust,cruise_63,1500.0,0.0,,,,False
vector_thrust,cruise_63,1500.0,0.0,,,,False
vector_thrust,cruise_63,1500.0,0.0,,,,False
vector_thrust,cruise_63,1500.0,0.0,,,,False
vector_thrust,cruise_63,1500.0,0.0,,,,False
vector_thrust,cruise_63,1500.0,0.0,,,,False
vector_thrust,cruise_63,1500.0,0.0,,,,False
vector_thrust,cruise_63,1500.0,0.0,,,,False
vector_thrust,cruise_64,1500.0,101.74999999999847,,,,False
vector_thrust,cruise_64,1500.0,101.74999999999847,,,,False
vector_thrust,cruise_64,1500.0,101.74999999999847,,,,False
vector_thrust,cruise_64,1500.0,101.74999999999847,,,,False
vector_thrust,cruise_64,1500.0,101.74999999999847,,,,False
vector_thrust,cruise_64,1500.0,101.74999999999847,,,,False
vector_thrust,cruise_64,1500.0,101.74999999999847,,,,False
vector_thrust,cruise_64,1500.0,101.74999999999847,,,,False
vector_thrust,cruise_65,1500.0,0.0,,,,False
vector_thrust,cruise_65,1500.0,0.0,,,,False
vector_thrust,cruise_65,1500.0,0.0,,,,False
vector_thrust,cruise_65,1500.0,0.0,,,,False
vector_thrust,cruise_65,1500.0,0.0,,,,False
vector_thrust,cruise_65,1500.0,0.0,,,,False
vector_thrust,cruise_65,1500.0,0.0,,,,False
vector_thrust,cruise_65,1500.0,0.0,,,,False
vector_thrust,cruise_66,1500.0,101.74999999999847,,,,False
vector_thrust,cruise_66,1500.0,101.74999999999847,,,,False
vector_thrust,cruise_66,1500.0,101.74999999999847,,,,False
vector_thrust,cruise_66,1500.0,101.74999999999847,,,,False
vector_thrust,cruise_66,1500.0,101.74999999999847,,,,False
vector_thrust,cruise_66,1500.0,101.74999999999847,,,,False
vector_thrust,cruise_66,1500.0,101.74999999999847,,,,False
vector_thrust,cruise_66,1500.0,101.74999999999847,,,,False
vector_thrust,cruise_67,1500.0,0.0,,,,False
vector_thrust,cruise_67,1500.0,0.0,,,,False
vector_thrust,cruise_67,1500.0,0.0,,,,False
vector_thrust,cruise_67,1500.0,0.0,,,,False
vector_thrust,cruise_67,1500.0,0.0,,,,False
vector_thrust,cruise_67,1500.0,0.0,,,,False
vector_thrust,cruise_67,1500.0,0.0,,,,False
vector_thrust,cruise_67,1500.0,0.0,,,,False
vector_thrust,cruise_68,1500.0,101.74999999999847,,,,False
vector_thrust,cruise_68,1500.0,101.74999999999847,,,,False
vector_thrust,cruise_68,1500.0,101.74999999999847,,,,False
vector_thrust,cruise_68,1500.0,101.74999999999847,,,,False
vector_thrust,cruise_68,1500.0,101.74999999999847,,,,False
vector_thrust,cruise_68,1500.0,101.74999999999847,,,,False
vector_thrust,cruise_68,1500.0,101.74999999999847,,,,False
vector_thrust,cruise_68,1500.0,101.74999999999847,,,,False
vector_thrust,cruise_69,1500.0,0.0,,,,False
vector_thrust,cruise_69,1500.0,0.0,,,,False
vector_thrust,cruise_69,1500.0,0.0,,,,False
vector_thrust,cruise_69,1500.0,0.0,,,,False
vector_thrust,cruise_69,1500.0,0.0,,,,False
vector_thrust,cruise_69,1500.0,0.0,,,,False
vector_thrust,cruise_69,1500.0,0.0,,,,False
vector_thrust,cruise_69,1500.0,0.0,,,,False
vector_thrust,cruise_70,1500.0,101.74999999999847,,,,False
vector_thrust,cruise_70,1500.0,101.74999999999847,,,,False
vector_thrust,cruise_70,1500.0,101.74999999999847,,,,False
vector_thrust,cruise_70,1500.0,101.74999999999847,,,,False
vector_thrust,cruise_70,1500.0,101.74999999999847,,,,False
vector_thrust,cruise_70,1500.0,101.74999999999847,,,,False
vector_thrust,cruise_70,1500.0,101.74999999999847,,,,False
vector_thrust,cruise_70,1500.0,101.74999999999847,,,,False
vector_thrust,cruise_71,1500.0,0.0,,,,False
vector_thrust,cruise_71,1500.0,0.0,,,,False
vector_thrust,cruise_71,1500.0,0.0,,,,False
vector_thrust,cruise_71,1500.0,0.0,,,,False
vector_thrust,cruise_71,1500.0,0.0,,,,False
vector_thrust,cruise_71,1500.0,0.0,,,,False
vector_thrust,cruise_71,1500.0,0.0,,,,False
vector_thrust,cruise_71,1500.0,0.0,,,,False
vector_thrust,cruise_72,1500.0,101.74999999999847,,,,False
vector_thrust,cruise_72,1500.0,101.74999999999847,,,,False
vector_thrust,cruise_72,1500.0,101.74999999999847,,,,False
vector_thrust,cruise_72,1500.0,101.74999999999847,,,,False
vector_thrust,cruise_72,1500.0,101.74999999999847,,,,False
vector_thrust,cruise_72,1500.0,101.74999999999847,,,,False
vector_thrust,cruise_72,1500.0,101.74999999999847,,,,False
vector_thrust,cruise_72,1500.0,101.74999999999847,,,,False
vector_thrust,cruise_73,1500.0,0.0,,,,False
vector_thrust,cruise_73,1500.0,0.0,,,,False
vector_thrust,cruise_73,1500.0,0.0,,,,False
vector_thrust,cruise_73,1500.0,0.0,,,,False
vector_thrust,cruise_73,1500.0,0.0,,,,False
vector_thrust,cruise_73,1500.0,0.0,,,,False
vector_thrust,cruise_73,1500.0,0.0,,,,False
vector_thrust,cruise_73,1500.0,0.0,,,,False
vector_thrust,cruise_74,1500.0,101.74999999999847,,,,False
vector_thrust,cruise_74,1500.0,101.74999999999847,,,,False
vector_thrust,cruise_74,1500.0,101.74999999999847,,,,False
vector_thrust,cruise_74,1500.0,101.74999999999847,,,,False
vector_thrust,cruise_74,1500.0,101.74999999999847,,,,False
vector_thrust,cruise_74,1500.0,101.74999999999847,,,,False
vector_thrust,cruise_74,1500.0,101.74999999999847,,,,False
vector_thrust,cruise_74,1500.0,101.74999999999847,,,,False
vector_thrust,cruise_75,1500.0,0.0,,,,False
vector_thrust,cruise_75,1500.0,0.0,,,,False
vector_thrust,cruise_75,1500.0,0.0,,,,False
vector_thrust,cruise_75,1500.0,0.0,,,,False
vector_thrust,cruise_75,1500.0,0.0,,,,False
vector_thrust,cruise_75,1500.0,0.0,,,,False
vector_thrust,cruise_75,1500.0,0.0,,,,False
vector_thrust,cruise_75,1500.0,0.0,,,,False
vector_thrust,cruise_76,1500.0,101.74999999999847,,,,False
vector_thrust,cruise_76,1500.0,101.74999999999847,,,,False
vector_thrust,cruise_76,1500.0,101.74999999999847,,,,False
vector_thrust,cruise_76,1500.0,101.74999999999847,,,,False
vector_thrust,cruise_76,1500.0,101.74999999999847,,,,False
vector_thrust,cruise_76,1500.0,101.74999999999847,,,,False
vector_thrust,cruise_76,1500.0,101.74999999999847,,,,False
vector_thrust,cruise_76,1500.0,101.74999999999847,,,,False
vector_thrust,cruise_77,1500.0,0.0,,,,False
vector_thrust,cruise_77,1500.0,0.0,,,,False
vector_thrust,cruise_77,1500.0,0.0,,,,False
vector_thrust,cruise_77,1500.0,0.0,,,,False
vector_thrust,cruise_77,1500.0,0.0,,,,False
vector_thrust,cruise_77,1500.0,0.0,,,,False
vector_thrust,cruise_77,1500.0,0.0,,,,False
vector_thrust,cruise_77,1500.0,0.0,,,,False
vector_thrust,cruise_78,1500.0,101.74999999999847,,,,False
vector_thrust,cruise_78,1500.0,101.74999999999847,,,,False
vector_thrust,cruise_78,1500.0,101.74999999999847,,,,False
vector_thrust,cruise_78,1500.0,101.74999999999847,,,,False
vector_thrust,cruise_78,1500.0,101.74999999999847,,,,False
vector_thrust,cruise_78,1500.0,101.74999999999847,,,,False
vector_thrust,cruise_78,1500.0,101.74999999999847,,,,False
vector_thrust,cruise_78,1500.0,101.74999999999847,,,,False
vector_thrust,cruise_79,1500.0,0.0,,,,False
vector_thrust,cruise_79,1500.0,0.0,,,,False
vector_thrust,cruise_79,1500.0,0.0,,,,False
vector_thrust,cruise_79,1500.0,0.0,,,,False
vector_thrust,cruise_79,1500.0,0.0,,,,False
vector_thrust,cruise_79,1500.0,0.0,,,,False
vector_thrust,cruise_79,1500.0,0.0,,,,False
vector_thrust,cruise_79,1500.0,0.0,,,,False
vector_thrust,cruise_80,1500.0,101.74999999999847,,,,False
vector_thrust,cruise_80,1500.0,101.74999999999847,,,,False
vector_thrust,cruise_80,1500.0,101.74999999999847,,,,False
vector_thrust,cruise_80,1500.0,101.74999999999847,,,,False
vector_thrust,cruise_80,1500.0,101.74999999999847,,,,False
vector_thrust,cruise_80,1500.0,101.74999999999847,,,,False
vector_thrust,cruise_80,1500.0,101.74999999999847,,,,False
vector_thrust,cruise_80,1500.0,101.74999999999847,,,,False
vector_thrust,cruise_81,1500.0,0.0,,,,False
vector_thrust,cruise_81,1500.0,0.0,,,,False
vector_thrust,cruise_81,1500.0,0.0,,,,False
vector_thrust,cruise_81,1500.0,0.0,,,,False
vector_thrust,cruise_81,1500.0,0.0,,,,False
vector_thrust,cruise_81,1500.0,0.0,,,,False
vector_thrust,cruise_81,1500.0,0.0,,,,False
vector_thrust,cruise_81,1500.0,0.0,,,,False
vector_thrust,cruise_82,1500.0,101.74999999999847,,,,False
vector_thrust,cruise_82,1500.0,101.74999999999847,,,,False
vector_thrust,cruise_82,1500.0,101.74999999999847,,,,False
vector_thrust,cruise_82,1500.0,101.74999999999847,,,,False
vector_thrust,cruise_82,1500.0,101.74999999999847,,,,False
vector_thrust,cruise_82,1500.0,101.74999999999847,,,,False
vector_thrust,cruise_82,1500.0,101.74999999999847,,,,False
vector_thrust,cruise_82,1500.0,101.74999999999847,,,,False
vector_thrust,cruise_83,1500.0,0.0,,,,False
vector_thrust,cruise_83,1500.0,0.0,,,,False
vector_thrust,cruise_83,1500.0,0.0,,,,False
vector_thrust,cruise_83,1500.0,0.0,,,,False
vector_thrust,cruise_83,1500.0,0.0,,,,False
vector_thrust,cruise_83,1500.0,0.0,,,,False
vector_thrust,cruise_83,1500.0,0.0,,,,False
vector_thrust,cruise_83,1500.0,0.0,,,,False
vector_thrust,cruise_84,1500.0,101.74999999999847,,,,False
vector_thrust,cruise_84,1500.0,101.74999999999847,,,,False
vector_thrust,cruise_84,1500.0,101.74999999999847,,,,False
vector_thrust,cruise_84,1500.0,101.74999999999847,,,,False
vector_thrust,cruise_84,1500.0,101.74999999999847,,,,False
vector_thrust,cruise_84,1500.0,101.74999999999847,,,,False
vector_thrust,cruise_84,1500.0,101.74999999999847,,,,False
vector_thrust,cruise_84,1500.0,101.74999999999847,,,,False
vector_thrust,cruise_85,1500.0,0.0,,,,False
vector_thrust,cruise_85,1500.0,0.0,,,,False
vector_thrust,cruise_85,1500.0,0.0,,,,False
vector_thrust,cruise_85,1500.0,0.0,,,,False
vector_thrust,cruise_85,1500.0,0.0,,,,False
vector_thrust,cruise_85,1500.0,0.0,,,,False
vector_thrust,cruise_85,1500.0,0.0,,,,False
vector_thrust,cruise_85,1500.0,0.0,,,,False
vector_thrust,cruise_86,1500.0,101.74999999999847,,,,False
vector_thrust,cruise_86,1500.0,101.74999999999847,,,,False
vector_thrust,cruise_86,1500.0,101.74999999999847,,,,False
vector_thrust,cruise_86,1500.0,101.74999999999847,,,,False
vector_thrust,cruise_86,1500.0,101.74999999999847,,,,False
vector_thrust,cruise_86,1500.0,101.74999999999847,,,,False
vector_thrust,cruise_86,1500.0,101.74999999999847,,,,False
vector_thrust,cruise_86,1500.0,101.74999999999847,,,,False
vector_thrust,cruise_87,1500.0,0.0,,,,False
vector_thrust,cruise_87,1500.0,0.0,,,,False
vector_thrust,cruise_87,1500.0,0.0,,,,False
vector_thrust,cruise_87,1500.0,0.0,,,,False
vector_thrust,cruise_87,1500.0,0.0,,,,False
vector_thrust,cruise_87,1500.0,0.0,,,,False
vector_thrust,cruise_87,1500.0,0.0,,,,False
vector_thrust,cruise_87,1500.0,0.0,,,,False
vector_thrust,cruise_88,1500.0,101.74999999999847,,,,False
vector_thrust,cruise_88,1500.0,101.74999999999847,,,,False
vector_thrust,cruise_88,1500.0,101.74999999999847,,,,False
vector_thrust,cruise_88,1500.0,101.74999999999847,,,,False
vector_thrust,cruise_88,1500.0,101.74999999999847,,,,False
vector_thrust,cruise_88,1500.0,101.74999999999847,,,,False
vector_thrust,cruise_88,1500.0,101.74999999999847,,,,False
vector_thrust,cruise_88,1500.0,101.74999999999847,,,,False
vector_thrust,cruise_89,1500.0,0.0,,,,False
vector_thrust,cruise_89,1500.0,0.0,,,,False
vector_thrust,cruise_89,1500.0,0.0,,,,False
vector_thrust,cruise_89,1500.0,0.0,,,,False
vector_thrust,cruise_89,1500.0,0.0,,,,False
vector_thrust,cruise_89,1500.0,0.0,,,,False
vector_thrust,cruise_89,1500.0,0.0,,,,False
vector_thrust,cruise_89,1500.0,0.0,,,,False
vector_thrust,cruise_90,1500.0,101.74999999999847,,,,False
vector_thrust,cruise_90,1500.0,101.74999999999847,,,,False
vector_thrust,cruise_90,1500.0,101.74999999999847,,,,False
vector_thrust,cruise_90,1500.0,101.74999999999847,,,,False
vector_thrust,cruise_90,1500.0,101.74999999999847,,,,False
vector_thrust,cruise_90,1500.0,101.74999999999847,,,,False
vector_thrust,cruise_90,1500.0,101.74999999999847,,,,False
vector_thrust,cruise_90,1500.0,101.74999999999847,,,,False
vector_thrust,cruise_91,1500.0,0.0,,,,False
vector_thrust,cruise_91,1500.0,0.0,,,,False
vector_thrust,cruise_91,1500.0,0.0,,,,False
vector_thrust,cruise_91,1500.0,0.0,,,,False
vector_thrust,cruise_91,1500.0,0.0,,,,False
vector_thrust,cruise_91,1500.0,0.0,,,,False
vector_thrust,cruise_91,1500.0,0.0,,,,False
vector_thrust,cruise_91,1500.0,0.0,,,,False
vector_thrust,cruise_92,1500.0,101.74999999999847,,,,False
vector_thrust,cruise_92,1500.0,101.74999999999847,,,,False
vector_thrust,cruise_92,1500.0,101.74999999999847,,,,False
vector_thrust,cruise_92,1500.0,101.74999999999847,,,,False
vector_thrust,cruise_92,1500.0,101.74999999999847,,,,False
vector_thrust,cruise_92,1500.0,101.74999999999847,,,,False
vector_thrust,cruise_92,1500.0,101.74999999999847,,,,False
vector_thrust,cruise_92,1500.0,101.74999999999847,,,,False
vector_thrust,cruise_93,1500.0,0.0,,,,False
vector_thrust,cruise_93,1500.0,0.0,,,,False
vector_thrust,cruise_93,1500.0,0.0,,,,False
vector_thrust,cruise_93,1500.0,0.0,,,,False
vector_thrust,cruise_93,1500.0,0.0,,,,False
vector_thrust,cruise_93,1500.0,0.0,,,,False
vector_thrust,cruise_93,1500.0,0.0,,,,False
vector_thrust,cruise_93,1500.0,0.0,,,,False
vector_thrust,cruise_94,1500.0,101.74999999999847,,,,False
vector_thrust,cruise_94,1500.0,101.74999999999847,,,,False
vector_thrust,cruise_94,1500.0,101.74999999999847,,,,False
vector_thrust,cruise_94,1500.0,101.74999999999847,,,,False
vector_thrust,cruise_94,1500.0,101.74999999999847,,,,False
vector_thrust,cruise_94,1500.0,101.74999999999847,,,,False
vector_thrust,cruise_94,1500.0,101.74999999999847,,,,False
vector_thrust,cruise_94,1500.0,101.74999999999847,,,,False
vector_thrust,cruise_95,1500.0,0.0,,,,False
vector_thrust,cruise_95,1500.0,0.0,,,,False
vector_thrust,cruise_95,1500.0,0.0,,,,False
vector_thrust,cruise_95,1500.0,0.0,,,,False
vector_thrust,cruise_95,1500.0,0.0,,,,False
vector_thrust,cruise_95,1500.0,0.0,,,,False
vector_thrust,cruise_95,1500.0,0.0,,,,False
vector_thrust,cruise_95,1500.0,0.0,,,,False
vector_thrust,cruise_96,1500.0,101.74999999999847,,,,False
vector_thrust,cruise_96,1500.0,101.74999999999847,,,,False
vector_thrust,cruise_96,1500.0,101.74999999999847,,,,False
vector_thrust,cruise_96,1500.0,101.74999999999847,,,,False
vector_thrust,cruise_96,1500.0,101.74999999999847,,,,False
vector_thrust,cruise_96,1500.0,101.74999999999847,,,,False
vector_thrust,cruise_96,1500.0,101.74999999999847,,,,False
vector_thrust,cruise_96,1500.0,101.74999999999847,,,,False
vector_thrust,cruise_97,1500.0,0.0,,,,False
vector_thrust,cruise_97,1500.0,0.0,,,,False
vector_thrust,cruise_97,1500.0,0.0,,,,False
vector_thrust,cruise_97,1500.0,0.0,,,,False
vector_thrust,cruise_97,1500.0,0.0,,,,False
vector_thrust,cruise_97,1500.0,0.0,,,,False
vector_thrust,cruise_97,1500.0,0.0,,,,False
vector_thrust,cruise_97,1500.0,0.0,,,,False
vector_thrust,cruise_98,1500.0,101.74999999999847,,,,False
vector_thrust,cruise_98,1500.0,101.74999999999847,,,,False
vector_thrust,cruise_98,1500.0,101.74999999999847,,,,False
vector_thrust,cruise_98,1500.0,101.74999999999847,,,,False
vector_thrust,cruise_98,1500.0,101.74999999999847,,,,False
vector_thrust,cruise_98,1500.0,101.74999999999847,,,,False
vector_thrust,cruise_98,1500.0,101.74999999999847,,,,False
vector_thrust,cruise_98,1500.0,101.74999999999847,,,,False
vector_thrust,cruise_99,1500.0,0.0,,,,False
vector_thrust,cruise_99,1500.0,0.0,,,,False
vector_thrust,cruise_99,1500.0,0.0,,,,False
vector_thrust,cruise_99,1500.0,0.0,,,,False
vector_thrust,cruise_99,1500.0,0.0,,,,False
vector_thrust,cruise_99,1500.0,0.0,,,,False
vector_thrust,cruise_99,1500.0,0.0,,,,False
vector_thrust,cruise_99,1500.0,0.0,,,,False
vector_thrust,cruise_100,1500.0,101.74999999999847,,,,False
vector_thrust,cruise_100,1500.0,101.74999999999847,,,,False
vector_thrust,cruise_100,1500.0,101.74999999999847,,,,False
vector_thrust,cruise_100,1500.0,101.74999999999847,,,,False
vector_thrust,cruise_100,1500.0,101.74999999999847,,,,False
vector_thrust,cruise_100,1500.0,101.74999999999847,,,,False
vector_thrust,cruise_100,1500.0,101.74999999999847,,,,False
vector_thrust,cruise_100,1500.0,101.74999999999847,,,,False
vector_thrust,cruise_101,1500.0,0.0,,,,False
vector_thrust,cruise_101,1500.0,0.0,,,,False
vector_thrust,cruise_101,1500.0,0.0,,,,False
vector_thrust,cruise_101,1500.0,0.0,,,,False
vector_thrust,cruise_101,1500.0,0.0,,,,False
vector_thrust,cruise_101,1500.0,0.0,,,,False
vector_thrust,cruise_101,1500.0,0.0,,,,False
vector_thrust,cruise_101,1500.0,0.0,,,,False
vector_thrust,cruise_102,1500.0,101.74999999999847,,,,False
vector_thrust,cruise_102,1500.0,101.74999999999847,,,,False
vector_thrust,cruise_102,1500.0,101.74999999999847,,,,False
vector_thrust,cruise_102,1500.0,101.74999999999847,,,,False
vector_thrust,cruise_102,1500.0,101.74999999999847,,,,False
vector_thrust,cruise_102,1500.0,101.74999999999847,,,,False
vector_thrust,cruise_102,1500.0,101.74999999999847,,,,False
vector_thrust,cruise_102,1500.0,101.74999999999847,,,,False
vector_thrust,cruise_103,1500.0,0.0,,,,False
vector_thrust,cruise_103,1500.0,0.0,,,,False
vector_thrust,cruise_103,1500.0,0.0,,,,False
vector_thrust,cruise_103,1500.0,0.0,,,,False
vector_thrust,cruise_103,1500.0,0.0,,,,False
vector_thrust,cruise_103,1500.0,0.0,,,,False
vector_thrust,cruise_103,1500.0,0.0,,,,False
vector_thrust,cruise_103,1500.0,0.0,,,,False
vector_thrust,cruise_104,1500.0,101.74999999999847,,,,False
vector_thrust,cruise_104,1500.0,101.74999999999847,,,,False
vector_thrust,cruise_104,1500.0,101.74999999999847,,,,False
vector_thrust,cruise_104,1500.0,101.74999999999847,,,,False
vector_thrust,cruise_104,1500.0,101.74999999999847,,,,False
vector_thrust,cruise_104,1500.0,101.74999999999847,,,,False
vector_thrust,cruise_104,1500.0,101.74999999999847,,,,False
vector_thrust,cruise_104,1500.0,101.74999999999847,,,,False
vector_thrust,cruise_105,1500.0,0.0,,,,False
vector_thrust,cruise_105,1500.0,0.0,,,,False
vector_thrust,cruise_105,1500.0,0.0,,,,False
vector_thrust,cruise_105,1500.0,0.0,,,,False
vector_thrust,cruise_105,1500.0,0.0,,,,False
vector_thrust,cruise_105,1500.0,0.0,,,,False
vector_thrust,cruise_105,1500.0,0.0,,,,False
vector_thrust,cruise_105,1500.0,0.0,,,,False
vector_thrust,cruise_106,1500.0,101.74999999999847,,,,False
vector_thrust,cruise_106,1500.0,101.74999999999847,,,,False
vector_thrust,cruise_106,1500.0,101.74999999999847,,,,False
vector_thrust,cruise_106,1500.0,101.74999999999847,,,,False
vector_thrust,cruise_106,1500.0,101.74999999999847,,,,False
vector_thrust,cruise_106,1500.0,101.74999999999847,,,,False
vector_thrust,cruise_106,1500.0,101.74999999999847,,,,False
vector_thrust,cruise_106,1500.0,101.74999999999847,,,,False
vector_thrust,cruise_107,1500.0,0.0,,,,False
vector_thrust,cruise_107,1500.0,0.0,,,,False
vector_thrust,cruise_107,1500.0,0.0,,,,False
vector_thrust,cruise_107,1500.0,0.0,,,,False
vector_thrust,cruise_107,1500.0,0.0,,,,False
vector_thrust,cruise_107,1500.0,0.0,,,,False
vector_thrust,cruise_107,1500.0,0.0,,,,False
vector_thrust,cruise_107,1500.0,0.0,,,,False
vector_thrust,cruise_108,1500.0,101.74999999999847,,,,False
vector_thrust,cruise_108,1500.0,101.74999999999847,,,,False
vector_thrust,cruise_108,1500.0,101.74999999999847,,,,False
vector_thrust,cruise_108,1500.0,101.74999999999847,,,,False
vector_thrust,cruise_108,1500.0,101.74999999999847,,,,False
vector_thrust,cruise_108,1500.0,101.74999999999847,,,,False
vector_thrust,cruise_108,1500.0,101.74999999999847,,,,False
vector_thrust,cruise_108,1500.0,101.74999999999847,,,,False
vector_thrust,cruise_109,1500.0,0.0,,,,False
vector_thrust,cruise_109,1500.0,0.0,,,,False
vector_thrust,cruise_109,1500.0,0.0,,,,False
vector_thrust,cruise_109,1500.0,0.0,,,,False
vector_thrust,cruise_109,1500.0,0.0,,,,False
vector_thrust,cruise_109,1500.0,0.0,,,,False
vector_thrust,cruise_109,1500.0,0.0,,,,False
vector_thrust,cruise_109,1500.0,0.0,,,,False
vector_thrust,cruise_110,1500.0,101.74999999999847,,,,False
vector_thrust,cruise_110,1500.0,101.74999999999847,,,,False
vector_thrust,cruise_110,1500.0,101.74999999999847,,,,False
vector_thrust,cruise_110,1500.0,101.74999999999847,,,,False
vector_thrust,cruise_110,1500.0,101.74999999999847,,,,False
vector_thrust,cruise_110,1500.0,101.74999999999847,,,,False
vector_thrust,cruise_110,1500.0,101.74999999999847,,,,False
vector_thrust,cruise_110,1500.0,101.74999999999847,,,,False
vector_thrust,cruise_111,1500.0,0.0,,,,False
vector_thrust,cruise_111,1500.0,0.0,,,,False
vector_thrust,cruise_111,1500.0,0.0,,,,False
vector_thrust,cruise_111,1500.0,0.0,,,,False
vector_thrust,cruise_111,1500.0,0.0,,,,False
vector_thrust,cruise_111,1500.0,0.0,,,,False
vector_thrust,cruise_111,1500.0,0.0,,,,False
vector_thrust,cruise_111,1500.0,0.0,,,,False
vector_thrust,cruise_112,1500.0,101.74999999999847,,,,False
vector_thrust,cruise_112,1500.0,101.74999999999847,,,,False
vector_thrust,cruise_112,1500.0,101.74999999999847,,,,False
vector_thrust,cruise_112,1500.0,101.74999999999847,,,,False
vector_thrust,cruise_112,1500.0,101.74999999999847,,,,False
vector_thrust,cruise_112,1500.0,101.74999999999847,,,,False
vector_thrust,cruise_112,1500.0,101.74999999999847,,,,False
vector_thrust,cruise_112,1500.0,101.74999999999847,,,,False
vector_thrust,cruise_113,1500.0,0.0,,,,False
vector_thrust,cruise_113,1500.0,0.0,,,,False
vector_thrust,cruise_113,1500.0,0.0,,,,False
vector_thrust,cruise_113,1500.0,0.0,,,,False
vector_thrust,cruise_113,1500.0,0.0,,,,False
vector_thrust,cruise_113,1500.0,0.0,,,,False
vector_thrust,cruise_113,1500.0,0.0,,,,False
vector_thrust,cruise_113,1500.0,0.0,,,,False
vector_thrust,cruise_114,1500.0,101.74999999999847,,,,False
vector_thrust,cruise_114,1500.0,101.74999999999847,,,,False
vector_thrust,cruise_114,1500.0,101.74999999999847,,,,False
vector_thrust,cruise_114,1500.0,101.74999999999847,,,,False
vector_thrust,cruise_114,1500.0,101.74999999999847,,,,False
vector_thrust,cruise_114,1500.0,101.74999999999847,,,,False
vector_thrust,cruise_114,1500.0,101.74999999999847,,,,False
vector_thrust,cruise_114,1500.0,101.74999999999847,,,,False
vector_thrust,cruise_115,1500.0,0.0,,,,False
vector_thrust,cruise_115,1500.0,0.0,,,,False
vector_thrust,cruise_115,1500.0,0.0,,,,False
vector_thrust,cruise_115,1500.0,0.0,,,,False
vector_thrust,cruise_115,1500.0,0.0,,,,False
vector_thrust,cruise_115,1500.0,0.0,,,,False
vector_thrust,cruise_115,1500.0,0.0,,,,False
vector_thrust,cruise_115,1500.0,0.0,,,,False
vector_thrust,cruise_116,1500.0,101.74999999999847,,,,False
vector_thrust,cruise_116,1500.0,101.74999999999847,,,,False
vector_thrust,cruise_116,1500.0,101.74999999999847,,,,False
vector_thrust,cruise_116,1500.0,101.74999999999847,,,,False
vector_thrust,cruise_116,1500.0,101.74999999999847,,,,False
vector_thrust,cruise_116,1500.0,101.74999999999847,,,,False
vector_thrust,cruise_116,1500.0,101.74999999999847,,,,False
vector_thrust,cruise_116,1500.0,101.74999999999847,,,,False
vector_thrust,cruise_117,1500.0,0.0,,,,False
vector_thrust,cruise_117,1500.0,0.0,,,,False
vector_thrust,cruise_117,1500.0,0.0,,,,False
vector_thrust,cruise_117,1500.0,0.0,,,,False
vector_thrust,cruise_117,1500.0,0.0,,,,False
vector_thrust,cruise_117,1500.0,0.0,,,,False
vector_thrust,cruise_117,1500.0,0.0,,,,False
vector_thrust,cruise_117,1500.0,0.0,,,,False
vector_thrust,cruise_118,1500.0,101.74999999999847,,,,False
vector_thrust,cruise_118,1500.0,101.74999999999847,,,,False
vector_thrust,cruise_118,1500.0,101.74999999999847,,,,False
vector_thrust,cruise_118,1500.0,101.74999999999847,,,,False
vector_thrust,cruise_118,1500.0,101.74999999999847,,,,False
vector_thrust,cruise_118,1500.0,101.74999999999847,,,,False
vector_thrust,cruise_118,1500.0,101.74999999999847,,,,False
vector_thrust,cruise_118,1500.0,101.74999999999847,,,,False
vector_thrust,cruise_119,1500.0,0.0,,,,False
vector_thrust,cruise_119,1500.0,0.0,,,,False
vector_thrust,cruise_119,1500.0,0.0,,,,False
vector_thrust,cruise_119,1500.0,0.0,,,,False
vector_thrust,cruise_119,1500.0,0.0,,,,False
vector_thrust,cruise_119,1500.0,0.0,,,,False
vector_thrust,cruise_119,1500.0,0.0,,,,False
vector_thrust,cruise_119,1500.0,0.0,,,,False
vector_thrust,cruise_120,1500.0,101.74999999999847,,,,False
vector_thrust,cruise_120,1500.0,101.74999999999847,,,,False
vector_thrust,cruise_120,1500.0,101.74999999999847,,,,False
vector_thrust,cruise_120,1500.0,101.74999999999847,,,,False
vector_thrust,cruise_120,1500.0,101.74999999999847,,,,False
vector_thrust,cruise_120,1500.0,101.74999999999847,,,,False
vector_thrust,cruise_120,1500.0,101.74999999999847,,,,False
vector_thrust,cruise_120,1500.0,101.74999999999847,,,,False
vector_thrust,cruise_121,1500.0,0.0,,,,False
vector_thrust,cruise_121,1500.0,0.0,,,,False
vector_thrust,cruise_121,1500.0,0.0,,,,False
vector_thrust,cruise_121,1500.0,0.0,,,,False
vector_thrust,cruise_121,1500.0,0.0,,,,False
vector_thrust,cruise_121,1500.0,0.0,,,,False
vector_thrust,cruise_121,1500.0,0.0,,,,False
vector_thrust,cruise_121,1500.0,0.0,,,,False
vector_thrust,cruise_122,1500.0,101.74999999999847,,,,False
vector_thrust,cruise_122,1500.0,101.74999999999847,,,,False
vector_thrust,cruise_122,1500.0,101.74999999999847,,,,False
vector_thrust,cruise_122,1500.0,101.74999999999847,,,,False
vector_thrust,cruise_122,1500.0,101.74999999999847,,,,False
vector_thrust,cruise_122,1500.0,101.74999999999847,,,,False
vector_thrust,cruise_122,1500.0,101.74999999999847,,,,False
vector_thrust,cruise_122,1500.0,101.74999999999847,,,,False
vector_thrust,cruise_123,1500.0,0.0,,,,False
vector_thrust,cruise_123,1500.0,0.0,,,,False
vector_thrust,cruise_123,1500.0,0.0,,,,False
vector_thrust,cruise_123,1500.0,0.0,,,,False
vector_thrust,cruise_123,1500.0,0.0,,,,False
vector_thrust,cruise_123,1500.0,0.0,,,,False
vector_thrust,cruise_123,1500.0,0.0,,,,False
vector_thrust,cruise_123,1500.0,0.0,,,,False
vector_thrust,cruise_124,1500.0,101.74999999999847,,,,False
vector_thrust,cruise_124,1500.0,101.74999999999847,,,,False
vector_thrust,cruise_124,1500.0,101.74999999999847,,,,False
vector_thrust,cruise_124,1500.0,101.74999999999847,,,,False
vector_thrust,cruise_124,1500.0,101.74999999999847,,,,False
vector_thrust,cruise_124,1500.0,101.74999999999847,,,,False
vector_thrust,cruise_124,1500.0,101.74999999999847,,,,False
vector_thrust,cruise_124,1500.0,101.74999999999847,,,,False
vector_thrust,cruise_125,1500.0,0.0,,,,False
vector_thrust,cruise_125,1500.0,0.0,,,,False
vector_thrust,cruise_125,1500.0,0.0,,,,False
vector_thrust,cruise_125,1500.0,0.0,,,,False
vector_thrust,cruise_125,1500.0,0.0,,,,False
vector_thrust,cruise_125,1500.0,0.0,,,,False
vector_thrust,cruise_125,1500.0,0.0,,,,False
vector_thrust,cruise_125,1500.0,0.0,,,,False
vector_thrust,cruise_126,1500.0,101.74999999999847,,,,False
vector_thrust,cruise_126,1500.0,101.74999999999847,,,,False
vector_thrust,cruise_126,1500.0,101.74999999999847,,,,False
vector_thrust,cruise_126,1500.0,101.74999999999847,,,,False
vector_thrust,cruise_126,1500.0,101.74999999999847,,,,False
vector_thrust,cruise_126,1500.0,101.74999999999847,,,,False
vector_thrust,cruise_126,1500.0,101.74999999999847,,,,False
vector_thrust,cruise_126,1500.0,101.74999999999847,,,,False
vector_thrust,cruise_127,1500.0,0.0,,,,False
vector_thrust,cruise_127,1500.0,0.0,,,,False
vector_thrust,cruise_127,1500.0,0.0,,,,False
vector_thrust,cruise_127,1500.0,0.0,,,,False
vector_thrust,cruise_127,1500.0,0.0,,,,False
vector_thrust,cruise_127,1500.0,0.0,,,,False
vector_thrust,cruise_127,1500.0,0.0,,,,False
vector_thrust,cruise_127,1500.0,0.0,,,,False
vector_thrust,cruise_128,1500.0,101.74999999999847,,,,False
vector_thrust,cruise_128,1500.0,101.74999999999847,,,,False
vector_thrust,cruise_128,1500.0,101.74999999999847,,,,False
vector_thrust,cruise_128,1500.0,101.74999999999847,,,,False
vector_thrust,cruise_128,1500.0,101.74999999999847,,,,False
vector_thrust,cruise_128,1500.0,101.74999999999847,,,,False
vector_thrust,cruise_128,1500.0,101.74999999999847,,,,False
vector_thrust,cruise_128,1500.0,101.74999999999847,,,,False
vector_thrust,cruise_129,1500.0,0.0,,,,False
vector_thrust,cruise_129,1500.0,0.0,,,,False
vector_thrust,cruise_129,1500.0,0.0,,,,False
vector_thrust,cruise_129,1500.0,0.0,,,,False
vector_thrust,cruise_129,1500.0,0.0,,,,False
vector_thrust,cruise_129,1500.0,0.0,,,,False
vector_thrust,cruise_129,1500.0,0.0,,,,False
vector_thrust,cruise_129,1500.0,0.0,,,,False
vector_thrust,cruise_130,1500.0,101.74999999999847,,,,False
vector_thrust,cruise_130,1500.0,101.74999999999847,,,,False
vector_thrust,cruise_130,1500.0,101.74999999999847,,,,False
vector_thrust,cruise_130,1500.0,101.74999999999847,,,,False
vector_thrust,cruise_130,1500.0,101.74999999999847,,,,False
vector_thrust,cruise_130,1500.0,101.74999999999847,,,,False
vector_thrust,cruise_130,1500.0,101.74999999999847,,,,False
vector_thrust,cruise_130,1500.0,101.74999999999847,,,,False
vector_thrust,cruise_131,1500.0,0.0,,,,False
vector_thrust,cruise_131,1500.0,0.0,,,,False
vector_thrust,cruise_131,1500.0,0.0,,,,False
vector_thrust,cruise_131,1500.0,0.0,,,,False
vector_thrust,cruise_131,1500.0,0.0,,,,False
vector_thrust,cruise_131,1500.0,0.0,,,,False
vector_thrust,cruise_131,1500.0,0.0,,,,False
vector_thrust,cruise_131,1500.0,0.0,,,,False
vector_thrust,cruise_132,1500.0,101.74999999999847,,,,False
vector_thrust,cruise_132,1500.0,101.74999999999847,,,,False
vector_thrust,cruise_132,1500.0,101.74999999999847,,,,False
vector_thrust,cruise_132,1500.0,101.74999999999847,,,,False
vector_thrust,cruise_132,1500.0,101.74999999999847,,,,False
vector_thrust,cruise_132,1500.0,101.74999999999847,,,,False
vector_thrust,cruise_132,1500.0,101.74999999999847,,,,False
vector_thrust,cruise_132,1500.0,101.74999999999847,,,,False
vector_thrust,cruise_133,1500.0,0.0,,,,False
vector_thrust,cruise_133,1500.0,0.0,,,,False
vector_thrust,cruise_133,1500.0,0.0,,,,False
vector_thrust,cruise_133,1500.0,0.0,,,,False
vector_thrust,cruise_133,1500.0,0.0,,,,False
vector_thrust,cruise_133,1500.0,0.0,,,,False
vector_thrust,cruise_133,1500.0,0.0,,,,False
vector_thrust,cruise_133,1500.0,0.0,,,,False
vector_thrust,cruise_134,1500.0,101.74999999999847,,,,False
vector_thrust,cruise_134,1500.0,101.74999999999847,,,,False
vector_thrust,cruise_134,1500.0,101.74999999999847,,,,False
vector_thrust,cruise_134,1500.0,101.74999999999847,,,,False
vector_thrust,cruise_134,1500.0,101.74999999999847,,,,False
vector_thrust,cruise_134,1500.0,101.74999999999847,,,,False
vector_thrust,cruise_134,1500.0,101.74999999999847,,,,False
vector_thrust,cruise_134,1500.0,101.74999999999847,,,,False
vector_thrust,cruise_135,1500.0,0.0,,,,False
vector_thrust,cruise_135,1500.0,0.0,,,,False
vector_thrust,cruise_135,1500.0,0.0,,,,False
vector_thrust,cruise_135,1500.0,0.0,,,,False
vector_thrust,cruise_135,1500.0,0.0,,,,False
vector_thrust,cruise_135,1500.0,0.0,,,,False
vector_thrust,cruise_135,1500.0,0.0,,,,False
vector_thrust,cruise_135,1500.0,0.0,,,,False
vector_thrust,cruise_136,1500.0,101.74999999999847,,,,False
vector_thrust,cruise_136,1500.0,101.74999999999847,,,,False
vector_thrust,cruise_136,1500.0,101.74999999999847,,,,False
vector_thrust,cruise_136,1500.0,101.74999999999847,,,,False
vector_thrust,cruise_136,1500.0,101.74999999999847,,,,False
vector_thrust,cruise_136,1500.0,101.74999999999847,,,,False
vector_thrust,cruise_136,1500.0,101.74999999999847,,,,False
vector_thrust,cruise_136,1500.0,101.74999999999847,,,,False
vector_thrust,cruise_137,1500.0,0.0,,,,False
vector_thrust,cruise_137,1500.0,0.0,,,,False
vector_thrust,cruise_137,1500.0,0.0,,,,False
vector_thrust,cruise_137,1500.0,0.0,,,,False
vector_thrust,cruise_137,1500.0,0.0,,,,False
vector_thrust,cruise_137,1500.0,0.0,,,,False
vector_thrust,cruise_137,1500.0,0.0,,,,False
vector_thrust,cruise_137,1500.0,0.0,,,,False
vector_thrust,cruise_138,1500.0,101.74999999999847,,,,False
vector_thrust,cruise_138,1500.0,101.74999999999847,,,,False
vector_thrust,cruise_138,1500.0,101.74999999999847,,,,False
vector_thrust,cruise_138,1500.0,101.74999999999847,,,,False
vector_thrust,cruise_138,1500.0,101.74999999999847,,,,False
vector_thrust,cruise_138,1500.0,101.74999999999847,,,,False
vector_thrust,cruise_138,1500.0,101.74999999999847,,,,False
vector_thrust,cruise_138,1500.0,101.74999999999847,,,,False
vector_thrust,cruise_139,1500.0,0.0,,,,False
vector_thrust,cruise_139,1500.0,0.0,,,,False
vector_thrust,cruise_139,1500.0,0.0,,,,False
vector_thrust,cruise_139,1500.0,0.0,,,,False
vector_thrust,cruise_139,1500.0,0.0,,,,False
vector_thrust,cruise_139,1500.0,0.0,,,,False
vector_thrust,cruise_139,1500.0,0.0,,,,False
vector_thrust,cruise_139,1500.0,0.0,,,,False
vector_thrust,cruise_140,1500.0,101.74999999999847,,,,False
vector_thrust,cruise_140,1500.0,101.74999999999847,,,,False
vector_thrust,cruise_140,1500.0,101.74999999999847,,,,False
vector_thrust,cruise_140,1500.0,101.74999999999847,,,,False
vector_thrust,cruise_140,1500.0,101.74999999999847,,,,False
vector_thrust,cruise_140,1500.0,101.74999999999847,,,,False
vector_thrust,cruise_140,1500.0,101.74999999999847,,,,False
vector_thrust,cruise_140,1500.0,101.74999999999847,,,,False
vector_thrust,cruise_141,1500.0,0.0,,,,False
vector_thrust,cruise_141,1500.0,0.0,,,,False
vector_thrust,cruise_141,1500.0,0.0,,,,False
vector_thrust,cruise_141,1500.0,0.0,,,,False
vector_thrust,cruise_141,1500.0,0.0,,,,False
vector_thrust,cruise_141,1500.0,0.0,,,,False
vector_thrust,cruise_141,1500.0,0.0,,,,False
vector_thrust,cruise_141,1500.0,0.0,,,,False
vector_thrust,cruise_142,1500.0,101.74999999999847,,,,False
vector_thrust,cruise_142,1500.0,101.74999999999847,,,,False
vector_thrust,cruise_142,1500.0,101.74999999999847,,,,False
vector_thrust,cruise_142,1500.0,101.74999999999847,,,,False
vector_thrust,cruise_142,1500.0,101.74999999999847,,,,False
vector_thrust,cruise_142,1500.0,101.74999999999847,,,,False
vector_thrust,cruise_142,1500.0,101.74999999999847,,,,False
vector_thrust,cruise_142,1500.0,101.74999999999847,,,,False
vector_thrust,cruise_143,1500.0,0.0,,,,False
vector_thrust,cruise_143,1500.0,0.0,,,,False
vector_thrust,cruise_143,1500.0,0.0,,,,False
vector_thrust,cruise_143,1500.0,0.0,,,,False
vector_thrust,cruise_143,1500.0,0.0,,,,False
vector_thrust,cruise_143,1500.0,0.0,,,,False
vector_thrust,cruise_143,1500.0,0.0,,,,False
vector_thrust,cruise_143,1500.0,0.0,,,,False
vector_thrust,cruise_144,1500.0,101.74999999999847,,,,False
vector_thrust,cruise_144,1500.0,101.74999999999847,,,,False
vector_thrust,cruise_144,1500.0,101.74999999999847,,,,False
vector_thrust,cruise_144,1500.0,101.74999999999847,,,,False
vector_thrust,cruise_144,1500.0,101.74999999999847,,,,False
vector_thrust,cruise_144,1500.0,101.74999999999847,,,,False
vector_thrust,cruise_144,1500.0,101.74999999999847,,,,False
vector_thrust,cruise_144,1500.0,101.74999999999847,,,,False
vector_thrust,cruise_145,1500.0,0.0,,,,False
vector_thrust,cruise_145,1500.0,0.0,,,,False
vector_thrust,cruise_145,1500.0,0.0,,,,False
vector_thrust,cruise_145,1500.0,0.0,,,,False
vector_thrust,cruise_145,1500.0,0.0,,,,False
vector_thrust,cruise_145,1500.0,0.0,,,,False
vector_thrust,cruise_145,1500.0,0.0,,,,False
vector_thrust,cruise_145,1500.0,0.0,,,,False
vector_thrust,cruise_146,1500.0,101.74999999999847,,,,False
vector_thrust,cruise_146,1500.0,101.74999999999847,,,,False
vector_thrust,cruise_146,1500.0,101.74999999999847,,,,False
vector_thrust,cruise_146,1500.0,101.74999999999847,,,,False
vector_thrust,cruise_146,1500.0,101.74999999999847,,,,False
vector_thrust,cruise_146,1500.0,101.74999999999847,,,,False
vector_thrust,cruise_146,1500.0,101.74999999999847,,,,False
vector_thrust,cruise_146,1500.0,101.74999999999847,,,,False
vector_thrust,cruise_147,1500.0,0.0,,,,False
vector_thrust,cruise_147,1500.0,0.0,,,,False
vector_thrust,cruise_147,1500.0,0.0,,,,False
vector_thrust,cruise_147,1500.0,0.0,,,,False
vector_thrust,cruise_147,1500.0,0.0,,,,False
vector_thrust,cruise_147,1500.0,0.0,,,,False
vector_thrust,cruise_147,1500.0,0.0,,,,False
vector_thrust,cruise_147,1500.0,0.0,,,,False
vector_thrust,cruise_148,1500.0,101.74999999999847,,,,False
vector_thrust,cruise_148,1500.0,101.74999999999847,,,,False
vector_thrust,cruise_148,1500.0,101.74999999999847,,,,False
vector_thrust,cruise_148,1500.0,101.74999999999847,,,,False
vector_thrust,cruise_148,1500.0,101.74999999999847,,,,False
vector_thrust,cruise_148,1500.0,101.74999999999847,,,,False
vector_thrust,cruise_148,1500.0,101.74999999999847,,,,False
vector_thrust,cruise_148,1500.0,101.74999999999847,,,,False
vector_thrust,cruise_149,1500.0,0.0,,,,False
vector_thrust,cruise_149,1500.0,0.0,,,,False
vector_thrust,cruise_149,1500.0,0.0,,,,False
vector_thrust,cruise_149,1500.0,0.0,,,,False
vector_thrust,cruise_149,1500.0,0.0,,,,False
vector_thrust,cruise_149,1500.0,0.0,,,,False
vector_thrust,cruise_149,1500.0,0.0,,,,False
vector_thrust,cruise_149,1500.0,0.0,,,,False
vector_thrust,cruise_150,1500.0,101.74999999999847,,,,False
vector_thrust,cruise_150,1500.0,101.74999999999847,,,,False
vector_thrust,cruise_150,1500.0,101.74999999999847,,,,False
vector_thrust,cruise_150,1500.0,101.74999999999847,,,,False
vector_thrust,cruise_150,1500.0,101.74999999999847,,,,False
vector_thrust,cruise_150,1500.0,101.74999999999847,,,,False
vector_thrust,cruise_150,1500.0,101.74999999999847,,,,False
vector_thrust,cruise_150,1500.0,101.74999999999847,,,,False
vector_thrust,cruise_151,1500.0,0.0,,,,False
vector_thrust,cruise_151,1500.0,0.0,,,,False
vector_thrust,cruise_151,1500.0,0.0,,,,False
vector_thrust,cruise_151,1500.0,0.0,,,,False
vector_thrust,cruise_151,1500.0,0.0,,,,False
vector_thrust,cruise_151,1500.0,0.0,,,,False
vector_thrust,cruise_151,1500.0,0.0,,,,False
vector_thrust,cruise_151,1500.0,0.0,,,,False
vector_thrust,cruise_152,1500.0,101.74999999999847,,,,False
vector_thrust,cruise_152,1500.0,101.74999999999847,,,,False
vector_thrust,cruise_152,1500.0,101.74999999999847,,,,False
vector_thrust,cruise_152,1500.0,101.74999999999847,,,,False
vector_thrust,cruise_152,1500.0,101.74999999999847,,,,False
vector_thrust,cruise_152,1500.0,101.74999999999847,,,,False
vector_thrust,cruise_152,1500.0,101.74999999999847,,,,False
vector_thrust,cruise_152,1500.0,101.74999999999847,,,,False
vector_thrust,cruise_153,1500.0,0.0,,,,False
vector_thrust,cruise_153,1500.0,0.0,,,,False
vector_thrust,cruise_153,1500.0,0.0,,,,False
vector_thrust,cruise_153,1500.0,0.0,,,,False
vector_thrust,cruise_153,1500.0,0.0,,,,False
vector_thrust,cruise_153,1500.0,0.0,,,,False
vector_thrust,cruise_153,1500.0,0.0,,,,False
vector_thrust,cruise_153,1500.0,0.0,,,,False
vector_thrust,cruise_154,1500.0,101.74999999999847,,,,False
vector_thrust,cruise_154,1500.0,101.74999999999847,,,,False
vector_thrust,cruise_154,1500.0,101.74999999999847,,,,False
vector_thrust,cruise_154,1500.0,101.74999999999847,,,,False
vector_thrust,cruise_154,1500.0,101.74999999999847,,,,False
vector_thrust,cruise_154,1500.0,101.74999999999847,,,,False
vector_thrust,cruise_154,1500.0,101.74999999999847,,,,False
vector_thrust,cruise_154,1500.0,101.74999999999847,,,,False
vector_thrust,cruise_155,1500.0,0.0,,,,False
vector_thrust,cruise_155,1500.0,0.0,,,,False
vector_thrust,cruise_155,1500.0,0.0,,,,False
vector_thrust,cruise_155,1500.0,0.0,,,,False
vector_thrust,cruise_155,1500.0,0.0,,,,False
vector_thrust,cruise_155,1500.0,0.0,,,,False
vector_thrust,cruise_155,1500.0,0.0,,,,False
vector_thrust,cruise_155,1500.0,0.0,,,,False
vector_thrust,cruise_156,1500.0,101.74999999999847,,,,False
vector_thrust,cruise_156,1500.0,101.74999999999847,,,,False
vector_thrust,cruise_156,1500.0,101.74999999999847,,,,False
vector_thrust,cruise_156,1500.0,101.74999999999847,,,,False
vector_thrust,cruise_156,1500.0,101.74999999999847,,,,False
vector_thrust,cruise_156,1500.0,101.74999999999847,,,,False
vector_thrust,cruise_156,1500.0,101.74999999999847,,,,False
vector_thrust,cruise_156,1500.0,101.74999999999847,,,,False
vector_thrust,cruise_157,1500.0,0.0,,,,False
vector_thrust,cruise_157,1500.0,0.0,,,,False
vector_thrust,cruise_157,1500.0,0.0,,,,False
vector_thrust,cruise_157,1500.0,0.0,,,,False
vector_thrust,cruise_157,1500.0,0.0,,,,False
vector_thrust,cruise_157,1500.0,0.0,,,,False
vector_thrust,cruise_157,1500.0,0.0,,,,False
vector_thrust,cruise_157,1500.0,0.0,,,,False
vector_thrust,cruise_158,1500.0,101.74999999999847,,,,False
vector_thrust,cruise_158,1500.0,101.74999999999847,,,,False
vector_thrust,cruise_158,1500.0,101.74999999999847,,,,False
vector_thrust,cruise_158,1500.0,101.74999999999847,,,,False
vector_thrust,cruise_158,1500.0,101.74999999999847,,,,False
vector_thrust,cruise_158,1500.0,101.74999999999847,,,,False
vector_thrust,cruise_158,1500.0,101.74999999999847,,,,False
vector_thrust,cruise_158,1500.0,101.74999999999847,,,,False
vector_thrust,cruise_159,1500.0,0.0,,,,False
vector_thrust,cruise_159,1500.0,0.0,,,,False
vector_thrust,cruise_159,1500.0,0.0,,,,False
vector_thrust,cruise_159,1500.0,0.0,,,,False
vector_thrust,cruise_159,1500.0,0.0,,,,False
vector_thrust,cruise_159,1500.0,0.0,,,,False
vector_thrust,cruise_159,1500.0,0.0,,,,False
vector_thrust,cruise_159,1500.0,0.0,,,,False
vector_thrust,cruise_160,1500.0,101.74999999999847,,,,False
vector_thrust,cruise_160,1500.0,101.74999999999847,,,,False
vector_thrust,cruise_160,1500.0,101.74999999999847,,,,False
vector_thrust,cruise_160,1500.0,101.74999999999847,,,,False
vector_thrust,cruise_160,1500.0,101.74999999999847,,,,False
vector_thrust,cruise_160,1500.0,101.74999999999847,,,,False
vector_thrust,cruise_160,1500.0,101.74999999999847,,,,False
vector_thrust,cruise_160,1500.0,101.74999999999847,,,,False
vector_thrust,cruise_161,1500.0,0.0,,,,False
vector_thrust,cruise_161,1500.0,0.0,,,,False
vector_thrust,cruise_161,1500.0,0.0,,,,False
vector_thrust,cruise_161,1500.0,0.0,,,,False
vector_thrust,cruise_161,1500.0,0.0,,,,False
vector_thrust,cruise_161,1500.0,0.0,,,,False
vector_thrust,cruise_161,1500.0,0.0,,,,False
vector_thrust,cruise_161,1500.0,0.0,,,,False
vector_thrust,cruise_162,1500.0,101.74999999999847,,,,False
vector_thrust,cruise_162,1500.0,101.74999999999847,,,,False
vector_thrust,cruise_162,1500.0,101.74999999999847,,,,False
vector_thrust,cruise_162,1500.0,101.74999999999847,,,,False
vector_thrust,cruise_162,1500.0,101.74999999999847,,,,False
vector_thrust,cruise_162,1500.0,101.74999999999847,,,,False
vector_thrust,cruise_162,1500.0,101.74999999999847,,,,False
vector_thrust,cruise_162,1500.0,101.74999999999847,,,,False
vector_thrust,cruise_163,1500.0,0.0,,,,False
vector_thrust,cruise_163,1500.0,0.0,,,,False
vector_thrust,cruise_163,1500.0,0.0,,,,False
vector_thrust,cruise_163,1500.0,0.0,,,,False
vector_thrust,cruise_163,1500.0,0.0,,,,False
vector_thrust,cruise_163,1500.0,0.0,,,,False
vector_thrust,cruise_163,1500.0,0.0,,,,False
vector_thrust,cruise_163,1500.0,0.0,,,,False
vector_thrust,cruise_164,1500.0,101.74999999999847,,,,False
vector_thrust,cruise_164,1500.0,101.74999999999847,,,,False
vector_thrust,cruise_164,1500.0,101.74999999999847,,,,False
vector_thrust,cruise_164,1500.0,101.74999999999847,,,,False
vector_thrust,cruise_164,1500.0,101.74999999999847,,,,False
vector_thrust,cruise_164,1500.0,101.74999999999847,,,,False
vector_thrust,cruise_164,1500.0,101.74999999999847,,,,False
vector_thrust,cruise_164,1500.0,101.74999999999847,,,,False
vector_thrust,cruise_165,1500.0,0.0,,,,False
vector_thrust,cruise_165,1500.0,0.0,,,,False
vector_thrust,cruise_165,1500.0,0.0,,,,False
vector_thrust,cruise_165,1500.0,0.0,,,,False
vector_thrust,cruise_165,1500.0,0.0,,,,False
vector_thrust,cruise_165,1500.0,0.0,,,,False
vector_thrust,cruise_165,1500.0,0.0,,,,False
vector_thrust,cruise_165,1500.0,0.0,,,,False
vector_thrust,cruise_166,1500.0,101.74999999999847,,,,False
vector_thrust,cruise_166,1500.0,101.74999999999847,,,,False
vector_thrust,cruise_166,1500.0,101.74999999999847,,,,False
vector_thrust,cruise_166,1500.0,101.74999999999847,,,,False
vector_thrust,cruise_166,1500.0,101.74999999999847,,,,False
vector_thrust,cruise_166,1500.0,101.74999999999847,,,,False
vector_thrust,cruise_166,1500.0,101.74999999999847,,,,False
vector_thrust,cruise_166,1500.0,101.74999999999847,,,,False
vector_thrust,cruise_167,1500.0,0.0,,,,False
vector_thrust,cruise_167,1500.0,0.0,,,,False
vector_thrust,cruise_167,1500.0,0.0,,,,False
vector_thrust,cruise_167,1500.0,0.0,,,,False
vector_thrust,cruise_167,1500.0,0.0,,,,False
vector_thrust,cruise_167,1500.0,0.0,,,,False
vector_thrust,cruise_167,1500.0,0.0,,,,False
vector_thrust,cruise_167,1500.0,0.0,,,,False
vector_thrust,cruise_168,1500.0,101.74999999999847,,,,False
vector_thrust,cruise_168,1500.0,101.74999999999847,,,,False
vector_thrust,cruise_168,1500.0,101.74999999999847,,,,False
vector_thrust,cruise_168,1500.0,101.74999999999847,,,,False
vector_thrust,cruise_168,1500.0,101.74999999999847,,,,False
vector_thrust,cruise_168,1500.0,101.74999999999847,,,,False
vector_thrust,cruise_168,1500.0,101.74999999999847,,,,False
vector_thrust,cruise_168,1500.0,101.74999999999847,,,,False
vector_thrust,cruise_169,1500.0,0.0,,,,False
vector_thrust,cruise_169,1500.0,0.0,,,,False
vector_thrust,cruise_169,1500.0,0.0,,,,False
vector_thrust,cruise_169,1500.0,0.0,,,,False
vector_thrust,cruise_169,1500.0,0.0,,,,False
vector_thrust,cruise_169,1500.0,0.0,,,,False
vector_thrust,cruise_169,1500.0,0.0,,,,False
vector_thrust,cruise_169,1500.0,0.0,,,,False
vector_thrust,cruise_170,1500.0,101.74999999999847,,,,False
vector_thrust,cruise_170,1500.0,101.74999999999847,,,,False
vector_thrust,cruise_170,1500.0,101.74999999999847,,,,False
vector_thrust,cruise_170,1500.0,101.74999999999847,,,,False
vector_thrust,cruise_170,1500.0,101.74999999999847,,,,False
vector_thrust,cruise_170,1500.0,101.74999999999847,,,,False
vector_thrust,cruise_170,1500.0,101.74999999999847,,,,False
vector_thrust,cruise_170,1500.0,101.74999999999847,,,,False
vector_thrust,cruise_171,1500.0,0.0,,,,False
vector_thrust,cruise_171,1500.0,0.0,,,,False
vector_thrust,cruise_171,1500.0,0.0,,,,False
vector_thrust,cruise_171,1500.0,0.0,,,,False
vector_thrust,cruise_171,1500.0,0.0,,,,False
vector_thrust,cruise_171,1500.0,0.0,,,,False
vector_thrust,cruise_171,1500.0,0.0,,,,False
vector_thrust,cruise_171,1500.0,0.0,,,,False
vector_thrust,cruise_172,1500.0,101.74999999999847,,,,False
vector_thrust,cruise_172,1500.0,101.74999999999847,,,,False
vector_thrust,cruise_172,1500.0,101.74999999999847,,,,False
vector_thrust,cruise_172,1500.0,101.74999999999847,,,,False
vector_thrust,cruise_172,1500.0,101.74999999999847,,,,False
vector_thrust,cruise_172,1500.0,101.74999999999847,,,,False
vector_thrust,cruise_172,1500.0,101.74999999999847,,,,False
vector_thrust,cruise_172,1500.0,101.74999999999847,,,,False
vector_thrust,cruise_173,1500.0,0.0,,,,False
vector_thrust,cruise_173,1500.0,0.0,,,,False
vector_thrust,cruise_173,1500.0,0.0,,,,False
vector_thrust,cruise_173,1500.0,0.0,,,,False
vector_thrust,cruise_173,1500.0,0.0,,,,False
vector_thrust,cruise_173,1500.0,0.0,,,,False
vector_thrust,cruise_173,1500.0,0.0,,,,False
vector_thrust,cruise_173,1500.0,0.0,,,,False
vector_thrust,cruise_174,1500.0,101.74999999999847,,,,False
vector_thrust,cruise_174,1500.0,101.74999999999847,,,,False
vector_thrust,cruise_174,1500.0,101.74999999999847,,,,False
vector_thrust,cruise_174,1500.0,101.74999999999847,,,,False
vector_thrust,cruise_174,1500.0,101.74999999999847,,,,False
vector_thrust,cruise_174,1500.0,101.74999999999847,,,,False
vector_thrust,cruise_174,1500.0,101.74999999999847,,,,False
vector_thrust,cruise_174,1500.0,101.74999999999847,,,,False
vector_thrust,cruise_175,1500.0,0.0,,,,False
vector_thrust,cruise_175,1500.0,0.0,,,,False
vector_thrust,cruise_175,1500.0,0.0,,,,False
vector_thrust,cruise_175,1500.0,0.0,,,,False
vector_thrust,cruise_175,1500.0,0.0,,,,False
vector_thrust,cruise_175,1500.0,0.0,,,,False
vector_thrust,cruise_175,1500.0,0.0,,,,False
vector_thrust,cruise_175,1500.0,0.0,,,,False
vector_thrust,cruise_176,1500.0,101.74999999999847,,,,False
vector_thrust,cruise_176,1500.0,101.74999999999847,,,,False
vector_thrust,cruise_176,1500.0,101.74999999999847,,,,False
vector_thrust,cruise_176,1500.0,101.74999999999847,,,,False
vector_thrust,cruise_176,1500.0,101.74999999999847,,,,False
vector_thrust,cruise_176,1500.0,101.74999999999847,,,,False
vector_thrust,cruise_176,1500.0,101.74999999999847,,,,False
vector_thrust,cruise_176,1500.0,101.74999999999847,,,,False
vector_thrust,cruise_177,1500.0,0.0,,,,False
vector_thrust,cruise_177,1500.0,0.0,,,,False
vector_thrust,cruise_177,1500.0,0.0,,,,False
vector_thrust,cruise_177,1500.0,0.0,,,,False
vector_thrust,cruise_177,1500.0,0.0,,,,False
vector_thrust,cruise_177,1500.0,0.0,,,,False
vector_thrust,cruise_177,1500.0,0.0,,,,False
vector_thrust,cruise_177,1500.0,0.0,,,,False
vector_thrust,cruise_178,1500.0,101.74999999999847,,,,False
vector_thrust,cruise_178,1500.0,101.74999999999847,,,,False
vector_thrust,cruise_178,1500.0,101.74999999999847,,,,False
vector_thrust,cruise_178,1500.0,101.74999999999847,,,,False
vector_thrust,cruise_178,1500.0,101.74999999999847,,,,False
vector_thrust,cruise_178,1500.0,101.74999999999847,,,,False
vector_thrust,cruise_178,1500.0,101.74999999999847,,,,False
vector_thrust,cruise_178,1500.0,101.74999999999847,,,,False
vector_thrust,cruise_179,1500.0,0.0,,,,False
vector_thrust,cruise_179,1500.0,0.0,,,,False
vector_thrust,cruise_179,1500.0,0.0,,,,False
vector_thrust,cruise_179,1500.0,0.0,,,,False
vector_thrust,cruise_179,1500.0,0.0,,,,False
vector_thrust,cruise_179,1500.0,0.0,,,,False
vector_thrust,cruise_179,1500.0,0.0,,,,False
vector_thrust,cruise_179,1500.0,0.0,,,,False
vector_thrust,cruise_180,1500.0,101.74999999999847,,,,False
vector_thrust,cruise_180,1500.0,101.74999999999847,,,,False
vector_thrust,cruise_180,1500.0,101.74999999999847,,,,False
vector_thrust,cruise_180,1500.0,101.74999999999847,,,,False
vector_thrust,cruise_180,1500.0,101.74999999999847,,,,False
vector_thrust,cruise_180,1500.0,101.74999999999847,,,,False
vector_thrust,cruise_180,1500.0,101.74999999999847,,,,False
vector_thrust,cruise_180,1500.0,101.74999999999847,,,,False
vector_thrust,cruise_181,1500.0,0.0,,,,False
vector_thrust,cruise_181,1500.0,0.0,,,,False
vector_thrust,cruise_181,1500.0,0.0,,,,False
vector_thrust,cruise_181,1500.0,0.0,,,,False
vector_thrust,cruise_181,1500.0,0.0,,,,False
vector_thrust,cruise_181,1500.0,0.0,,,,False
vector_thrust,cruise_181,1500.0,0.0,,,,False
vector_thrust,cruise_181,1500.0,0.0,,,,False
vector_thrust,cruise_182,1500.0,101.74999999999847,,,,False
vector_thrust,cruise_182,1500.0,101.74999999999847,,,,False
vector_thrust,cruise_182,1500.0,101.74999999999847,,,,False
vector_thrust,cruise_182,1500.0,101.74999999999847,,,,False
vector_thrust,cruise_182,1500.0,101.74999999999847,,,,False
vector_thrust,cruise_182,1500.0,101.74999999999847,,,,False
vector_thrust,cruise_182,1500.0,101.74999999999847,,,,False
vector_thrust,cruise_182,1500.0,101.74999999999847,,,,False
vector_thrust,cruise_183,1500.0,0.0,,,,False
vector_thrust,cruise_183,1500.0,0.0,,,,False
vector_thrust,cruise_183,1500.0,0.0,,,,False
vector_thrust,cruise_183,1500.0,0.0,,,,False
vector_thrust,cruise_183,1500.0,0.0,,,,False
vector_thrust,cruise_183,1500.0,0.0,,,,False
vector_thrust,cruise_183,1500.0,0.0,,,,False
vector_thrust,cruise_183,1500.0,0.0,,,,False
vector_thrust,cruise_184,1500.0,101.74999999999847,,,,False
vector_thrust,cruise_184,1500.0,101.74999999999847,,,,False
vector_thrust,cruise_184,1500.0,101.74999999999847,,,,False
vector_thrust,cruise_184,1500.0,101.74999999999847,,,,False
vector_thrust,cruise_184,1500.0,101.74999999999847,,,,False
vector_thrust,cruise_184,1500.0,101.74999999999847,,,,False
vector_thrust,cruise_184,1500.0,101.74999999999847,,,,False
vector_thrust,cruise_184,1500.0,101.74999999999847,,,,False
vector_thrust,cruise_185,1500.0,0.0,,,,False
vector_thrust,cruise_185,1500.0,0.0,,,,False
vector_thrust,cruise_185,1500.0,0.0,,,,False
vector_thrust,cruise_185,1500.0,0.0,,,,False
vector_thrust,cruise_185,1500.0,0.0,,,,False
vector_thrust,cruise_185,1500.0,0.0,,,,False
vector_thrust,cruise_185,1500.0,0.0,,,,False
vector_thrust,cruise_185,1500.0,0.0,,,,False
vector_thrust,cruise_186,1500.0,101.74999999999847,,,,False
vector_thrust,cruise_186,1500.0,101.74999999999847,,,,False
vector_thrust,cruise_186,1500.0,101.74999999999847,,,,False
vector_thrust,cruise_186,1500.0,101.74999999999847,,,,False
vector_thrust,cruise_186,1500.0,101.74999999999847,,,,False
vector_thrust,cruise_186,1500.0,101.74999999999847,,,,False
vector_thrust,cruise_186,1500.0,101.74999999999847,,,,False
vector_thrust,cruise_186,1500.0,101.74999999999847,,,,False
vector_thrust,cruise_187,1500.0,0.0,,,,False
vector_thrust,cruise_187,1500.0,0.0,,,,False
vector_thrust,cruise_187,1500.0,0.0,,,,False
vector_thrust,cruise_187,1500.0,0.0,,,,False
vector_thrust,cruise_187,1500.0,0.0,,,,False
vector_thrust,cruise_187,1500.0,0.0,,,,False
vector_thrust,cruise_187,1500.0,0.0,,,,False
vector_thrust,cruise_187,1500.0,0.0,,,,False
vector_thrust,cruise_188,1500.0,101.74999999999847,,,,False
vector_thrust,cruise_188,1500.0,101.74999999999847,,,,False
vector_thrust,cruise_188,1500.0,101.74999999999847,,,,False
vector_thrust,cruise_188,1500.0,101.74999999999847,,,,False
vector_thrust,cruise_188,1500.0,101.74999999999847,,,,False
vector_thrust,cruise_188,1500.0,101.74999999999847,,,,False
vector_thrust,cruise_188,1500.0,101.74999999999847,,,,False
vector_thrust,cruise_188,1500.0,101.74999999999847,,,,False
vector_thrust,cruise_189,1500.0,0.0,,,,False
vector_thrust,cruise_189,1500.0,0.0,,,,False
vector_thrust,cruise_189,1500.0,0.0,,,,False
vector_thrust,cruise_189,1500.0,0.0,,,,False
vector_thrust,cruise_189,1500.0,0.0,,,,False
vector_thrust,cruise_189,1500.0,0.0,,,,False
vector_thrust,cruise_189,1500.0,0.0,,,,False
vector_thrust,cruise_189,1500.0,0.0,,,,False
vector_thrust,cruise_190,1500.0,101.74999999999847,,,,False
vector_thrust,cruise_190,1500.0,101.74999999999847,,,,False
vector_thrust,cruise_190,1500.0,101.74999999999847,,,,False
vector_thrust,cruise_190,1500.0,101.74999999999847,,,,False
vector_thrust,cruise_190,1500.0,101.74999999999847,,,,False
vector_thrust,cruise_190,1500.0,101.74999999999847,,,,False
vector_thrust,cruise_190,1500.0,101.74999999999847,,,,False
vector_thrust,cruise_190,1500.0,101.74999999999847,,,,False
vector_thrust,cruise_191,1500.0,0.0,,,,False
vector_thrust,cruise_191,1500.0,0.0,,,,False
vector_thrust,cruise_191,1500.0,0.0,,,,False
vector_thrust,cruise_191,1500.0,0.0,,,,False
vector_thrust,cruise_191,1500.0,0.0,,,,False
vector_thrust,cruise_191,1500.0,0.0,,,,False
vector_thrust,cruise_191,1500.0,0.0,,,,False
vector_thrust,cruise_191,1500.0,0.0,,,,False
vector_thrust,cruise_192,1500.0,101.74999999999847,,,,False
vector_thrust,cruise_192,1500.0,101.74999999999847,,,,False
vector_thrust,cruise_192,1500.0,101.74999999999847,,,,False
vector_thrust,cruise_192,1500.0,101.74999999999847,,,,False
vector_thrust,cruise_192,1500.0,101.74999999999847,,,,False
vector_thrust,cruise_192,1500.0,101.74999999999847,,,,False
vector_thrust,cruise_192,1500.0,101.74999999999847,,,,False
vector_thrust,cruise_192,1500.0,101.74999999999847,,,,False
vector_thrust,cruise_193,1500.0,0.0,,,,False
vector_thrust,cruise_193,1500.0,0.0,,,,False
vector_thrust,cruise_193,1500.0,0.0,,,,False
vector_thrust,cruise_193,1500.0,0.0,,,,False
vector_thrust,cruise_193,1500.0,0.0,,,,False
vector_thrust,cruise_193,1500.0,0.0,,,,False
vector_thrust,cruise_193,1500.0,0.0,,,,False
vector_thrust,cruise_193,1500.0,0.0,,,,False
vector_thrust,cruise_194,1500.0,101.74999999999847,,,,False
vector_thrust,cruise_194,1500.0,101.74999999999847,,,,False
vector_thrust,cruise_194,1500.0,101.74999999999847,,,,False
vector_thrust,cruise_194,1500.0,101.74999999999847,,,,False
vector_thrust,cruise_194,1500.0,101.74999999999847,,,,False
vector_thrust,cruise_194,1500.0,101.74999999999847,,,,False
vector_thrust,cruise_194,1500.0,101.74999999999847,,,,False
vector_thrust,cruise_194,1500.0,101.74999999999847,,,,False
vector_thrust,cruise_195,1500.0,0.0,,,,False
vector_thrust,cruise_195,1500.0,0.0,,,,False
vector_thrust,cruise_195,1500.0,0.0,,,,False
vector_thrust,cruise_195,1500.0,0.0,,,,False
vector_thrust,cruise_195,1500.0,0.0,,,,False
vector_thrust,cruise_195,1500.0,0.0,,,,False
vector_thrust,cruise_195,1500.0,0.0,,,,False
vector_thrust,cruise_195,1500.0,0.0,,,,False
vector_thrust,cruise_196,1500.0,101.74999999999847,,,,False
vector_thrust,cruise_196,1500.0,101.74999999999847,,,,False
vector_thrust,cruise_196,1500.0,101.74999999999847,,,,False
vector_thrust,cruise_196,1500.0,101.74999999999847,,,,False
vector_thrust,cruise_196,1500.0,101.74999999999847,,,,False
vector_thrust,cruise_196,1500.0,101.74999999999847,,,,False
vector_thrust,cruise_196,1500.0,101.74999999999847,,,,False
vector_thrust,cruise_196,1500.0,101.74999999999847,,,,False
vector_thrust,cruise_197,1500.0,0.0,,,,False
vector_thrust,cruise_197,1500.0,0.0,,,,False
vector_thrust,cruise_197,1500.0,0.0,,,,False
vector_thrust,cruise_197,1500.0,0.0,,,,False
vector_thrust,cruise_197,1500.0,0.0,,,,False
vector_thrust,cruise_197,1500.0,0.0,,,,False
vector_thrust,cruise_197,1500.0,0.0,,,,False
vector_thrust,cruise_197,1500.0,0.0,,,,False
vector_thrust,cruise_198,1500.0,101.74999999999847,,,,False
vector_thrust,cruise_198,1500.0,101.74999999999847,,,,False
vector_thrust,cruise_198,1500.0,101.74999999999847,,,,False
vector_thrust,cruise_198,1500.0,101.74999999999847,,,,False
vector_thrust,cruise_198,1500.0,101.74999999999847,,,,False
vector_thrust,cruise_198,1500.0,101.74999999999847,,,,False
vector_thrust,cruise_198,1500.0,101.74999999999847,,,,False
vector_thrust,cruise_198,1500.0,101.74999999999847,,,,False
vector_thrust,cruise_199,1500.0,0.0,,,,False
vector_thrust,cruise_199,1500.0,0.0,,,,False
vector_thrust,cruise_199,1500.0,0.0,,,,False
vector_thrust,cruise_199,1500.0,0.0,,,,False
vector_thrust,cruise_199,1500.0,0.0,,,,False
vector_thrust,cruise_199,1500.0,0.0,,,,False
vector_thrust,cruise_199,1500.0,0.0,,,,False
vector_thrust,cruise_199,1500.0,0.0,,,,False
vector_thrust,cruise_200,1500.0,101.74999999999847,,,,False
vector_thrust,cruise_200,1500.0,101.74999999999847,,,,False
vector_thrust,cruise_200,1500.0,101.74999999999847,,,,False
vector_thrust,cruise_200,1500.0,101.74999999999847,,,,False
vector_thrust,cruise_200,1500.0,101.74999999999847,,,,False
vector_thrust,cruise_200,1500.0,101.74999999999847,,,,False
vector_thrust,cruise_200,1500.0,101.74999999999847,,,,False
vector_thrust,cruise_200,1500.0,101.74999999999847,,,,False
vector_thrust,cruise_201,1500.0,0.0,,,,False
vector_thrust,cruise_201,1500.0,0.0,,,,False
vector_thrust,cruise_201,1500.0,0.0,,,,False
vector_thrust,cruise_201,1500.0,0.0,,,,False
vector_thrust,cruise_201,1500.0,0.0,,,,False
vector_thrust,cruise_201,1500.0,0.0,,,,False
vector_thrust,cruise_201,1500.0,0.0,,,,False
vector_thrust,cruise_201,1500.0,0.0,,,,False
vector_thrust,cruise_202,1500.0,101.74999999999847,,,,False
vector_thrust,cruise_202,1500.0,101.74999999999847,,,,False
vector_thrust,cruise_202,1500.0,101.74999999999847,,,,False
vector_thrust,cruise_202,1500.0,101.74999999999847,,,,False
vector_thrust,cruise_202,1500.0,101.74999999999847,,,,False
vector_thrust,cruise_202,1500.0,101.74999999999847,,,,False
vector_thrust,cruise_202,1500.0,101.74999999999847,,,,False
vector_thrust,cruise_202,1500.0,101.74999999999847,,,,False
vector_thrust,cruise_203,1500.0,0.0,,,,False
vector_thrust,cruise_203,1500.0,0.0,,,,False
vector_thrust,cruise_203,1500.0,0.0,,,,False
vector_thrust,cruise_203,1500.0,0.0,,,,False
vector_thrust,cruise_203,1500.0,0.0,,,,False
vector_thrust,cruise_203,1500.0,0.0,,,,False
vector_thrust,cruise_203,1500.0,0.0,,,,False
vector_thrust,cruise_203,1500.0,0.0,,,,False
vector_thrust,cruise_204,1500.0,101.74999999999847,,,,False
vector_thrust,cruise_204,1500.0,101.74999999999847,,,,False
vector_thrust,cruise_204,1500.0,101.74999999999847,,,,False
vector_thrust,cruise_204,1500.0,101.74999999999847,,,,False
vector_thrust,cruise_204,1500.0,101.74999999999847,,,,False
vector_thrust,cruise_204,1500.0,101.74999999999847,,,,False
vector_thrust,cruise_204,1500.0,101.74999999999847,,,,False
vector_thrust,cruise_204,1500.0,101.74999999999847,,,,False
vector_thrust,cruise_205,1500.0,0.0,,,,False
vector_thrust,cruise_205,1500.0,0.0,,,,False
vector_thrust,cruise_205,1500.0,0.0,,,,False
vector_thrust,cruise_205,1500.0,0.0,,,,False
vector_thrust,cruise_205,1500.0,0.0,,,,False
vector_thrust,cruise_205,1500.0,0.0,,,,False
vector_thrust,cruise_205,1500.0,0.0,,,,False
vector_thrust,cruise_205,1500.0,0.0,,,,False
vector_thrust,cruise_206,1500.0,101.74999999999847,,,,False
vector_thrust,cruise_206,1500.0,101.74999999999847,,,,False
vector_thrust,cruise_206,1500.0,101.74999999999847,,,,False
vector_thrust,cruise_206,1500.0,101.74999999999847,,,,False
vector_thrust,cruise_206,1500.0,101.74999999999847,,,,False
vector_thrust,cruise_206,1500.0,101.74999999999847,,,,False
vector_thrust,cruise_206,1500.0,101.74999999999847,,,,False
vector_thrust,cruise_206,1500.0,101.74999999999847,,,,False
vector_thrust,cruise_207,1500.0,0.0,,,,False
vector_thrust,cruise_207,1500.0,0.0,,,,False
vector_thrust,cruise_207,1500.0,0.0,,,,False
vector_thrust,cruise_207,1500.0,0.0,,,,False
vector_thrust,cruise_207,1500.0,0.0,,,,False
vector_thrust,cruise_207,1500.0,0.0,,,,False
vector_thrust,cruise_207,1500.0,0.0,,,,False
vector_thrust,cruise_207,1500.0,0.0,,,,False
vector_thrust,cruise_208,1500.0,101.74999999999847,,,,False
vector_thrust,cruise_208,1500.0,101.74999999999847,,,,False
vector_thrust,cruise_208,1500.0,101.74999999999847,,,,False
vector_thrust,cruise_208,1500.0,101.74999999999847,,,,False
vector_thrust,cruise_208,1500.0,101.74999999999847,,,,False
vector_thrust,cruise_208,1500.0,101.74999999999847,,,,False
vector_thrust,cruise_208,1500.0,101.74999999999847,,,,False
vector_thrust,cruise_208,1500.0,101.74999999999847,,,,False
vector_thrust,cruise_209,1500.0,0.0,,,,False
vector_thrust,cruise_209,1500.0,0.0,,,,False
vector_thrust,cruise_209,1500.0,0.0,,,,False
vector_thrust,cruise_209,1500.0,0.0,,,,False
vector_thrust,cruise_209,1500.0,0.0,,,,False
vector_thrust,cruise_209,1500.0,0.0,,,,False
vector_thrust,cruise_209,1500.0,0.0,,,,False
vector_thrust,cruise_209,1500.0,0.0,,,,False
vector_thrust,cruise_210,1500.0,101.74999999999847,,,,False
vector_thrust,cruise_210,1500.0,101.74999999999847,,,,False
vector_thrust,cruise_210,1500.0,101.74999999999847,,,,False
vector_thrust,cruise_210,1500.0,101.74999999999847,,,,False
vector_thrust,cruise_210,1500.0,101.74999999999847,,,,False
vector_thrust,cruise_210,1500.0,101.74999999999847,,,,False
vector_thrust,cruise_210,1500.0,101.74999999999847,,,,False
vector_thrust,cruise_210,1500.0,101.74999999999847,,,,False
vector_thrust,cruise_211,1500.0,0.0,,,,False
vector_thrust,cruise_211,1500.0,0.0,,,,False
vector_thrust,cruise_211,1500.0,0.0,,,,False
vector_thrust,cruise_211,1500.0,0.0,,,,False
vector_thrust,cruise_211,1500.0,0.0,,,,False
vector_thrust,cruise_211,1500.0,0.0,,,,False
vector_thrust,cruise_211,1500.0,0.0,,,,False
vector_thrust,cruise_211,1500.0,0.0,,,,False
vector_thrust,cruise_212,1500.0,101.74999999999847,,,,False
vector_thrust,cruise_212,1500.0,101.74999999999847,,,,False
vector_thrust,cruise_212,1500.0,101.74999999999847,,,,False
vector_thrust,cruise_212,1500.0,101.74999999999847,,,,False
vector_thrust,cruise_212,1500.0,101.74999999999847,,,,False
vector_thrust,cruise_212,1500.0,101.74999999999847,,,,False
vector_thrust,cruise_212,1500.0,101.74999999999847,,,,False
vector_thrust,cruise_212,1500.0,101.74999999999847,,,,False
vector_thrust,cruise_213,1500.0,0.0,,,,False
vector_thrust,cruise_213,1500.0,0.0,,,,False
vector_thrust,cruise_213,1500.0,0.0,,,,False
vector_thrust,cruise_213,1500.0,0.0,,,,False
vector_thrust,cruise_213,1500.0,0.0,,,,False
vector_thrust,cruise_213,1500.0,0.0,,,,False
vector_thrust,cruise_213,1500.0,0.0,,,,False
vector_thrust,cruise_213,1500.0,0.0,,,,False
vector_thrust,cruise_214,1500.0,101.74999999999847,,,,False
vector_thrust,cruise_214,1500.0,101.74999999999847,,,,False
vector_thrust,cruise_214,1500.0,101.74999999999847,,,,False
vector_thrust,cruise_214,1500.0,101.74999999999847,,,,False
vector_thrust,cruise_214,1500.0,101.74999999999847,,,,False
vector_thrust,cruise_214,1500.0,101.74999999999847,,,,False
vector_thrust,cruise_214,1500.0,101.74999999999847,,,,False
vector_thrust,cruise_214,1500.0,101.74999999999847,,,,False
vector_thrust,cruise_215,1500.0,0.0,,,,False
vector_thrust,cruise_215,1500.0,0.0,,,,False
vector_thrust,cruise_215,1500.0,0.0,,,,False
vector_thrust,cruise_215,1500.0,0.0,,,,False
vector_thrust,cruise_215,1500.0,0.0,,,,False
vector_thrust,cruise_215,1500.0,0.0,,,,False
vector_thrust,cruise_215,1500.0,0.0,,,,False
vector_thrust,cruise_215,1500.0,0.0,,,,False
vector_thrust,cruise_216,1500.0,101.74999999999847,,,,False
vector_thrust,cruise_216,1500.0,101.74999999999847,,,,False
vector_thrust,cruise_216,1500.0,101.74999999999847,,,,False
vector_thrust,cruise_216,1500.0,101.74999999999847,,,,False
vector_thrust,cruise_216,1500.0,101.74999999999847,,,,False
vector_thrust,cruise_216,1500.0,101.74999999999847,,,,False
vector_thrust,cruise_216,1500.0,101.74999999999847,,,,False
vector_thrust,cruise_216,1500.0,101.74999999999847,,,,False
vector_thrust,cruise_217,1500.0,0.0,,,,False
vector_thrust,cruise_217,1500.0,0.0,,,,False
vector_thrust,cruise_217,1500.0,0.0,,,,False
vector_thrust,cruise_217,1500.0,0.0,,,,False
vector_thrust,cruise_217,1500.0,0.0,,,,False
vector_thrust,cruise_217,1500.0,0.0,,,,False
vector_thrust,cruise_217,1500.0,0.0,,,,False
vector_thrust,cruise_217,1500.0,0.0,,,,False
vector_thrust,cruise_218,1500.0,101.74999999999847,,,,False
vector_thrust,cruise_218,1500.0,101.74999999999847,,,,False
vector_thrust,cruise_218,1500.0,101.74999999999847,,,,False
vector_thrust,cruise_218,1500.0,101.74999999999847,,,,False
vector_thrust,cruise_218,1500.0,101.74999999999847,,,,False
vector_thrust,cruise_218,1500.0,101.74999999999847,,,,False
vector_thrust,cruise_218,1500.0,101.74999999999847,,,,False
vector_thrust,cruise_218,1500.0,101.74999999999847,,,,False
vector_thrust,cruise_219,1500.0,0.0,,,,False
vector_thrust,cruise_219,1500.0,0.0,,,,False
vector_thrust,cruise_219,1500.0,0.0,,,,False
vector_thrust,cruise_219,1500.0,0.0,,,,False
vector_thrust,cruise_219,1500.0,0.0,,,,False
vector_thrust,cruise_219,1500.0,0.0,,,,False
vector_thrust,cruise_219,1500.0,0.0,,,,False
vector_thrust,cruise_219,1500.0,0.0,,,,False
vector_thrust,cruise_220,1500.0,101.74999999999847,,,,False
vector_thrust,cruise_220,1500.0,101.74999999999847,,,,False
vector_thrust,cruise_220,1500.0,101.74999999999847,,,,False
vector_thrust,cruise_220,1500.0,101.74999999999847,,,,False
vector_thrust,cruise_220,1500.0,101.74999999999847,,,,False
vector_thrust,cruise_220,1500.0,101.74999999999847,,,,False
vector_thrust,cruise_220,1500.0,101.74999999999847,,,,False
vector_thrust,cruise_220,1500.0,101.74999999999847,,,,False
vector_thrust,cruise_221,1500.0,0.0,,,,False
vector_thrust,cruise_221,1500.0,0.0,,,,False
vector_thrust,cruise_221,1500.0,0.0,,,,False
vector_thrust,cruise_221,1500.0,0.0,,,,False
vector_thrust,cruise_221,1500.0,0.0,,,,False
vector_thrust,cruise_221,1500.0,0.0,,,,False
vector_thrust,cruise_221,1500.0,0.0,,,,False
vector_thrust,cruise_221,1500.0,0.0,,,,False
vector_thrust,cruise_222,1500.0,101.74999999999847,,,,False
vector_thrust,cruise_222,1500.0,101.74999999999847,,,,False
vector_thrust,cruise_222,1500.0,101.74999999999847,,,,False
vector_thrust,cruise_222,1500.0,101.74999999999847,,,,False
vector_thrust,cruise_222,1500.0,101.74999999999847,,,,False
vector_thrust,cruise_222,1500.0,101.74999999999847,,,,False
vector_thrust,cruise_222,1500.0,101.74999999999847,,,,False
vector_thrust,cruise_222,1500.0,101.74999999999847,,,,False
vector_thrust,cruise_223,1500.0,0.0,,,,False
vector_thrust,cruise_223,1500.0,0.0,,,,False
vector_thrust,cruise_223,1500.0,0.0,,,,False
vector_thrust,cruise_223,1500.0,0.0,,,,False
vector_thrust,cruise_223,1500.0,0.0,,,,False
vector_thrust,cruise_223,1500.0,0.0,,,,False
vector_thrust,cruise_223,1500.0,0.0,,,,False
vector_thrust,cruise_223,1500.0,0.0,,,,False
vector_thrust,cruise_224,1500.0,101.74999999999847,,,,False
vector_thrust,cruise_224,1500.0,101.74999999999847,,,,False
vector_thrust,cruise_224,1500.0,101.74999999999847,,,,False
vector_thrust,cruise_224,1500.0,101.74999999999847,,,,False
vector_thrust,cruise_224,1500.0,101.74999999999847,,,,False
vector_thrust,cruise_224,1500.0,101.74999999999847,,,,False
vector_thrust,cruise_224,1500.0,101.74999999999847,,,,False
vector_thrust,cruise_224,1500.0,101.74999999999847,,,,False
vector_thrust,cruise_225,1500.0,0.0,,,,False
vector_thrust,cruise_225,1500.0,0.0,,,,False
vector_thrust,cruise_225,1500.0,0.0,,,,False
vector_thrust,cruise_225,1500.0,0.0,,,,False
vector_thrust,cruise_225,1500.0,0.0,,,,False
vector_thrust,cruise_225,1500.0,0.0,,,,False
vector_thrust,cruise_225,1500.0,0.0,,,,False
vector_thrust,cruise_225,1500.0,0.0,,,,False
vector_thrust,cruise_226,1500.0,101.74999999999847,,,,False
vector_thrust,cruise_226,1500.0,101.74999999999847,,,,False
vector_thrust,cruise_226,1500.0,101.74999999999847,,,,False
vector_thrust,cruise_226,1500.0,101.74999999999847,,,,False
vector_thrust,cruise_226,1500.0,101.74999999999847,,,,False
vector_thrust,cruise_226,1500.0,101.74999999999847,,,,False
vector_thrust,cruise_226,1500.0,101.74999999999847,,,,False
vector_thrust,cruise_226,1500.0,101.74999999999847,,,,False
vector_thrust,cruise_227,1500.0,0.0,,,,False
vector_thrust,cruise_227,1500.0,0.0,,,,False
vector_thrust,cruise_227,1500.0,0.0,,,,False
vector_thrust,cruise_227,1500.0,0.0,,,,False
vector_thrust,cruise_227,1500.0,0.0,,,,False
vector_thrust,cruise_227,1500.0,0.0,,,,False
vector_thrust,cruise_227,1500.0,0.0,,,,False
vector_thrust,cruise_227,1500.0,0.0,,,,False
vector_thrust,cruise_228,1500.0,101.74999999999847,,,,False
vector_thrust,cruise_228,1500.0,101.74999999999847,,,,False
vector_thrust,cruise_228,1500.0,101.74999999999847,,,,False
vector_thrust,cruise_228,1500.0,101.74999999999847,,,,False
vector_thrust,cruise_228,1500.0,101.74999999999847,,,,False
vector_thrust,cruise_228,1500.0,101.74999999999847,,,,False
vector_thrust,cruise_228,1500.0,101.74999999999847,,,,False
vector_thrust,cruise_228,1500.0,101.74999999999847,,,,False
vector_thrust,cruise_229,1500.0,0.0,,,,False
vector_thrust,cruise_229,1500.0,0.0,,,,False
vector_thrust,cruise_229,1500.0,0.0,,,,False
vector_thrust,cruise_229,1500.0,0.0,,,,False
vector_thrust,cruise_229,1500.0,0.0,,,,False
vector_thrust,cruise_229,1500.0,0.0,,,,False
vector_thrust,cruise_229,1500.0,0.0,,,,False
vector_thrust,cruise_229,1500.0,0.0,,,,False
vector_thrust,cruise_230,1500.0,101.74999999999847,,,,False
vector_thrust,cruise_230,1500.0,101.74999999999847,,,,False
vector_thrust,cruise_230,1500.0,101.74999999999847,,,,False
vector_thrust,cruise_230,1500.0,101.74999999999847,,,,False
vector_thrust,cruise_230,1500.0,101.74999999999847,,,,False
vector_thrust,cruise_230,1500.0,101.74999999999847,,,,False
vector_thrust,cruise_230,1500.0,101.74999999999847,,,,False
vector_thrust,cruise_230,1500.0,101.74999999999847,,,,False
vector_thrust,cruise_231,1500.0,0.0,,,,False
vector_thrust,cruise_231,1500.0,0.0,,,,False
vector_thrust,cruise_231,1500.0,0.0,,,,False
vector_thrust,cruise_231,1500.0,0.0,,,,False
vector_thrust,cruise_231,1500.0,0.0,,,,False
vector_thrust,cruise_231,1500.0,0.0,,,,False
vector_thrust,cruise_231,1500.0,0.0,,,,False
vector_thrust,cruise_231,1500.0,0.0,,,,False
vector_thrust,cruise_232,1500.0,101.74999999999847,,,,False
vector_thrust,cruise_232,1500.0,101.74999999999847,,,,False
vector_thrust,cruise_232,1500.0,101.74999999999847,,,,False
vector_thrust,cruise_232,1500.0,101.74999999999847,,,,False
vector_thrust,cruise_232,1500.0,101.74999999999847,,,,False
vector_thrust,cruise_232,1500.0,101.74999999999847,,,,False
vector_thrust,cruise_232,1500.0,101.74999999999847,,,,False
vector_thrust,cruise_232,1500.0,101.74999999999847,,,,False
vector_thrust,cruise_233,1500.0,0.0,,,,False
vector_thrust,cruise_233,1500.0,0.0,,,,False
vector_thrust,cruise_233,1500.0,0.0,,,,False
vector_thrust,cruise_233,1500.0,0.0,,,,False
vector_thrust,cruise_233,1500.0,0.0,,,,False
vector_thrust,cruise_233,1500.0,0.0,,,,False
vector_thrust,cruise_233,1500.0,0.0,,,,False
vector_thrust,cruise_233,1500.0,0.0,,,,False
vector_thrust,cruise_234,1500.0,101.74999999999847,,,,False
vector_thrust,cruise_234,1500.0,101.74999999999847,,,,False
vector_thrust,cruise_234,1500.0,101.74999999999847,,,,False
vector_thrust,cruise_234,1500.0,101.74999999999847,,,,False
vector_thrust,cruise_234,1500.0,101.74999999999847,,,,False
vector_thrust,cruise_234,1500.0,101.74999999999847,,,,False
vector_thrust,cruise_234,1500.0,101.74999999999847,,,,False
vector_thrust,cruise_234,1500.0,101.74999999999847,,,,False
vector_thrust,cruise_235,1500.0,0.0,,,,False
vector_thrust,cruise_235,1500.0,0.0,,,,False
vector_thrust,cruise_235,1500.0,0.0,,,,False
vector_thrust,cruise_235,1500.0,0.0,,,,False
vector_thrust,cruise_235,1500.0,0.0,,,,False
vector_thrust,cruise_235,1500.0,0.0,,,,False
vector_thrust,cruise_235,1500.0,0.0,,,,False
vector_thrust,cruise_235,1500.0,0.0,,,,False
vector_thrust,cruise_236,1500.0,101.74999999999847,,,,False
vector_thrust,cruise_236,1500.0,101.74999999999847,,,,False
vector_thrust,cruise_236,1500.0,101.74999999999847,,,,False
vector_thrust,cruise_236,1500.0,101.74999999999847,,,,False
vector_thrust,cruise_236,1500.0,101.74999999999847,,,,False
vector_thrust,cruise_236,1500.0,101.74999999999847,,,,False
vector_thrust,cruise_236,1500.0,101.74999999999847,,,,False
vector_thrust,cruise_236,1500.0,101.74999999999847,,,,False
vector_thrust,cruise_237,1500.0,0.0,,,,False
vector_thrust,cruise_237,1500.0,0.0,,,,False
vector_thrust,cruise_237,1500.0,0.0,,,,False
vector_thrust,cruise_237,1500.0,0.0,,,,False
vector_thrust,cruise_237,1500.0,0.0,,,,False
vector_thrust,cruise_237,1500.0,0.0,,,,False
vector_thrust,cruise_237,1500.0,0.0,,,,False
vector_thrust,cruise_237,1500.0,0.0,,,,False
vector_thrust,cruise_238,1500.0,101.74999999999847,,,,False
vector_thrust,cruise_238,1500.0,101.74999999999847,,,,False
vector_thrust,cruise_238,1500.0,101.74999999999847,,,,False
vector_thrust,cruise_238,1500.0,101.74999999999847,,,,False
vector_thrust,cruise_238,1500.0,101.74999999999847,,,,False
vector_thrust,cruise_238,1500.0,101.74999999999847,,,,False
vector_thrust,cruise_238,1500.0,101.74999999999847,,,,False
vector_thrust,cruise_238,1500.0,101.74999999999847,,,,False
vector_thrust,cruise_239,1500.0,0.0,,,,False
vector_thrust,cruise_239,1500.0,0.0,,,,False
vector_thrust,cruise_239,1500.0,0.0,,,,False
vector_thrust,cruise_239,1500.0,0.0,,,,False
vector_thrust,cruise_239,1500.0,0.0,,,,False
vector_thrust,cruise_239,1500.0,0.0,,,,False
vector_thrust,cruise_239,1500.0,0.0,,,,False
vector_thrust,cruise_239,1500.0,0.0,,,,False
vector_thrust,cruise_240,1500.0,101.74999999999847,,,,False
vector_thrust,cruise_240,1500.0,101.74999999999847,,,,False
vector_thrust,cruise_240,1500.0,101.74999999999847,,,,False
vector_thrust,cruise_240,1500.0,101.74999999999847,,,,False
vector_thrust,cruise_240,1500.0,101.74999999999847,,,,False
vector_thrust,cruise_240,1500.0,101.74999999999847,,,,False
vector_thrust,cruise_240,1500.0,101.74999999999847,,,,False
vector_thrust,cruise_240,1500.0,101.74999999999847,,,,False
vector_thrust,cruise_241,1500.0,0.0,,,,False
vector_thrust,cruise_241,1500.0,0.0,,,,False
vector_thrust,cruise_241,1500.0,0.0,,,,False
vector_thrust,cruise_241,1500.0,0.0,,,,False
vector_thrust,cruise_241,1500.0,0.0,,,,False
vector_thrust,cruise_241,1500.0,0.0,,,,False
vector_thrust,cruise_241,1500.0,0.0,,,,False
vector_thrust,cruise_241,1500.0,0.0,,,,False
vector_thrust,cruise_242,1500.0,101.74999999999847,,,,False
vector_thrust,cruise_242,1500.0,101.74999999999847,,,,False
vector_thrust,cruise_242,1500.0,101.74999999999847,,,,False
vector_thrust,cruise_242,1500.0,101.74999999999847,,,,False
vector_thrust,cruise_242,1500.0,101.74999999999847,,,,False
vector_thrust,cruise_242,1500.0,101.74999999999847,,,,False
vector_thrust,cruise_242,1500.0,101.74999999999847,,,,False
vector_thrust,cruise_242,1500.0,101.74999999999847,,,,False
vector_thrust,cruise_243,1500.0,0.0,,,,False
vector_thrust,cruise_243,1500.0,0.0,,,,False
vector_thrust,cruise_243,1500.0,0.0,,,,False
vector_thrust,cruise_243,1500.0,0.0,,,,False
vector_thrust,cruise_243,1500.0,0.0,,,,False
vector_thrust,cruise_243,1500.0,0.0,,,,False
vector_thrust,cruise_243,1500.0,0.0,,,,False
vector_thrust,cruise_243,1500.0,0.0,,,,False
vector_thrust,cruise_244,1500.0,101.74999999999847,,,,False
vector_thrust,cruise_244,1500.0,101.74999999999847,,,,False
vector_thrust,cruise_244,1500.0,101.74999999999847,,,,False
vector_thrust,cruise_244,1500.0,101.74999999999847,,,,False
vector_thrust,cruise_244,1500.0,101.74999999999847,,,,False
vector_thrust,cruise_244,1500.0,101.74999999999847,,,,False
vector_thrust,cruise_244,1500.0,101.74999999999847,,,,False
vector_thrust,cruise_244,1500.0,101.74999999999847,,,,False
vector_thrust,cruise_245,1500.0,0.0,,,,False
vector_thrust,cruise_245,1500.0,0.0,,,,False
vector_thrust,cruise_245,1500.0,0.0,,,,False
vector_thrust,cruise_245,1500.0,0.0,,,,False
vector_thrust,cruise_245,1500.0,0.0,,,,False
vector_thrust,cruise_245,1500.0,0.0,,,,False
vector_thrust,cruise_245,1500.0,0.0,,,,False
vector_thrust,cruise_245,1500.0,0.0,,,,False
vector_thrust,cruise_246,1500.0,101.74999999999847,,,,False
vector_thrust,cruise_246,1500.0,101.74999999999847,,,,False
vector_thrust,cruise_246,1500.0,101.74999999999847,,,,False
vector_thrust,cruise_246,1500.0,101.74999999999847,,,,False
vector_thrust,cruise_246,1500.0,101.74999999999847,,,,False
vector_thrust,cruise_246,1500.0,101.74999999999847,,,,False
vector_thrust,cruise_246,1500.0,101.74999999999847,,,,False
vector_thrust,cruise_246,1500.0,101.74999999999847,,,,False
vector_thrust,cruise_247,1500.0,0.0,,,,False
vector_thrust,cruise_247,1500.0,0.0,,,,False
vector_thrust,cruise_247,1500.0,0.0,,,,False
vector_thrust,cruise_247,1500.0,0.0,,,,False
vector_thrust,cruise_247,1500.0,0.0,,,,False
vector_thrust,cruise_247,1500.0,0.0,,,,False
vector_thrust,cruise_247,1500.0,0.0,,,,False
vector_thrust,cruise_247,1500.0,0.0,,,,False
vector_thrust,cruise_248,1500.0,101.74999999999847,,,,False
vector_thrust,cruise_248,1500.0,101.74999999999847,,,,False
vector_thrust,cruise_248,1500.0,101.74999999999847,,,,False
vector_thrust,cruise_248,1500.0,101.74999999999847,,,,False
vector_thrust,cruise_248,1500.0,101.74999999999847,,,,False
vector_thrust,cruise_248,1500.0,101.74999999999847,,,,False
vector_thrust,cruise_248,1500.0,101.74999999999847,,,,False
vector_thrust,cruise_248,1500.0,101.74999999999847,,,,False
vector_thrust,cruise_249,1500.0,0.0,,,,False
vector_thrust,cruise_249,1500.0,0.0,,,,False
vector_thrust,cruise_249,1500.0,0.0,,,,False
vector_thrust,cruise_249,1500.0,0.0,,,,False
vector_thrust,cruise_249,1500.0,0.0,,,,False
vector_thrust,cruise_249,1500.0,0.0,,,,False
vector_thrust,cruise_249,1500.0,0.0,,,,False
vector_thrust,cruise_249,1500.0,0.0,,,,False
vector_thrust,cruise_250,1500.0,101.74999999999847,,,,False
vector_thrust,cruise_250,1500.0,101.74999999999847,,,,False
vector_thrust,cruise_250,1500.0,101.74999999999847,,,,False
vector_thrust,cruise_250,1500.0,101.74999999999847,,,,False
vector_thrust,cruise_250,1500.0,101.74999999999847,,,,False
vector_thrust,cruise_250,1500.0,101.74999999999847,,,,False
vector_thrust,cruise_250,1500.0,101.74999999999847,,,,False
vector_thrust,cruise_250,1500.0,101.74999999999847,,,,False
vector_thrust,cruise_251,1500.0,0.0,,,,False
vector_thrust,cruise_251,1500.0,0.0,,,,False
vector_thrust,cruise_251,1500.0,0.0,,,,False
vector_thrust,cruise_251,1500.0,0.0,,,,False
vector_thrust,cruise_251,1500.0,0.0,,,,False
vector_thrust,cruise_251,1500.0,0.0,,,,False
vector_thrust,cruise_251,1500.0,0.0,,,,False
vector_thrust,cruise_251,1500.0,0.0,,,,False
vector_thrust,cruise_252,1500.0,101.74999999999847,,,,False
vector_thrust,cruise_252,1500.0,101.74999999999847,,,,False
vector_thrust,cruise_252,1500.0,101.74999999999847,,,,False
vector_thrust,cruise_252,1500.0,101.74999999999847,,,,False
vector_thrust,cruise_252,1500.0,101.74999999999847,,,,False
vector_thrust,cruise_252,1500.0,101.74999999999847,,,,False
vector_thrust,cruise_252,1500.0,101.74999999999847,,,,False
vector_thrust,cruise_252,1500.0,101.74999999999847,,,,False
vector_thrust,cruise_253,1500.0,0.0,,,,False
vector_thrust,cruise_253,1500.0,0.0,,,,False
vector_thrust,cruise_253,1500.0,0.0,,,,False
vector_thrust,cruise_253,1500.0,0.0,,,,False
vector_thrust,cruise_253,1500.0,0.0,,,,False
vector_thrust,cruise_253,1500.0,0.0,,,,False
vector_thrust,cruise_253,1500.0,0.0,,,,False
vector_thrust,cruise_253,1500.0,0.0,,,,False
vector_thrust,cruise_254,1500.0,101.74999999999847,,,,False
vector_thrust,cruise_254,1500.0,101.74999999999847,,,,False
vector_thrust,cruise_254,1500.0,101.74999999999847,,,,False
vector_thrust,cruise_254,1500.0,101.74999999999847,,,,False
vector_thrust,cruise_254,1500.0,101.74999999999847,,,,False
vector_thrust,cruise_254,1500.0,101.74999999999847,,,,False
vector_thrust,cruise_254,1500.0,101.74999999999847,,,,False
vector_thrust,cruise_254,1500.0,101.74999999999847,,,,False
vector_thrust,cruise_255,1500.0,0.0,,,,False
vector_thrust,cruise_255,1500.0,0.0,,,,False
vector_thrust,cruise_255,1500.0,0.0,,,,False
vector_thrust,cruise_255,1500.0,0.0,,,,False
vector_thrust,cruise_255,1500.0,0.0,,,,False
vector_thrust,cruise_255,1500.0,0.0,,,,False
vector_thrust,cruise_255,1500.0,0.0,,,,False
vector_thrust,cruise_255,1500.0,0.0,,,,False
vector_thrust,cruise_256,1500.0,101.74999999999847,,,,False
vector_thrust,cruise_256,1500.0,101.74999999999847,,,,False
vector_thrust,cruise_256,1500.0,101.74999999999847,,,,False
vector_thrust,cruise_256,1500.0,101.74999999999847,,,,False
vector_thrust,cruise_256,1500.0,101.74999999999847,,,,False
vector_thrust,cruise_256,1500.0,101.74999999999847,,,,False
vector_thrust,cruise_256,1500.0,101.74999999999847,,,,False
vector_thrust,cruise_256,1500.0,101.74999999999847,,,,False
vector_thrust,cruise_257,1500.0,0.0,,,,False
vector_thrust,cruise_257,1500.0,0.0,,,,False
vector_thrust,cruise_257,1500.0,0.0,,,,False
vector_thrust,cruise_257,1500.0,0.0,,,,False
vector_thrust,cruise_257,1500.0,0.0,,,,False
vector_thrust,cruise_257,1500.0,0.0,,,,False
vector_thrust,cruise_257,1500.0,0.0,,,,False
vector_thrust,cruise_257,1500.0,0.0,,,,False
vector_thrust,cruise_258,1500.0,101.74999999999847,,,,False
vector_thrust,cruise_258,1500.0,101.74999999999847,,,,False
vector_thrust,cruise_258,1500.0,101.74999999999847,,,,False
vector_thrust,cruise_258,1500.0,101.74999999999847,,,,False
vector_thrust,cruise_258,1500.0,101.74999999999847,,,,False
vector_thrust,cruise_258,1500.0,101.74999999999847,,,,False
vector_thrust,cruise_258,1500.0,101.74999999999847,,,,False
vector_thrust,cruise_258,1500.0,101.74999999999847,,,,False
vector_thrust,cruise_259,1500.0,0.0,,,,False
vector_thrust,cruise_259,1500.0,0.0,,,,False
vector_thrust,cruise_259,1500.0,0.0,,,,False
vector_thrust,cruise_259,1500.0,0.0,,,,False
vector_thrust,cruise_259,1500.0,0.0,,,,False
vector_thrust,cruise_259,1500.0,0.0,,,,False
vector_thrust,cruise_259,1500.0,0.0,,,,False
vector_thrust,cruise_259,1500.0,0.0,,,,False
vector_thrust,cruise_260,1500.0,101.74999999999847,,,,False
vector_thrust,cruise_260,1500.0,101.74999999999847,,,,False
vector_thrust,cruise_260,1500.0,101.74999999999847,,,,False
vector_thrust,cruise_260,1500.0,101.74999999999847,,,,False
vector_thrust,cruise_260,1500.0,101.74999999999847,,,,False
vector_thrust,cruise_260,1500.0,101.74999999999847,,,,False
vector_thrust,cruise_260,1500.0,101.74999999999847,,,,False
vector_thrust,cruise_260,1500.0,101.74999999999847,,,,False
vector_thrust,cruise_261,1500.0,0.0,,,,False
vector_thrust,cruise_261,1500.0,0.0,,,,False
vector_thrust,cruise_261,1500.0,0.0,,,,False
vector_thrust,cruise_261,1500.0,0.0,,,,False
vector_thrust,cruise_261,1500.0,0.0,,,,False
vector_thrust,cruise_261,1500.0,0.0,,,,False
vector_thrust,cruise_261,1500.0,0.0,,,,False
vector_thrust,cruise_261,1500.0,0.0,,,,False
vector_thrust,cruise_262,1500.0,101.74999999999847,,,,False
vector_thrust,cruise_262,1500.0,101.74999999999847,,,,False
vector_thrust,cruise_262,1500.0,101.74999999999847,,,,False
vector_thrust,cruise_262,1500.0,101.74999999999847,,,,False
vector_thrust,cruise_262,1500.0,101.74999999999847,,,,False
vector_thrust,cruise_262,1500.0,101.74999999999847,,,,False
vector_thrust,cruise_262,1500.0,101.74999999999847,,,,False
vector_thrust,cruise_262,1500.0,101.74999999999847,,,,False
vector_thrust,cruise_263,1500.0,0.0,,,,False
vector_thrust,cruise_263,1500.0,0.0,,,,False
vector_thrust,cruise_263,1500.0,0.0,,,,False
vector_thrust,cruise_263,1500.0,0.0,,,,False
vector_thrust,cruise_263,1500.0,0.0,,,,False
vector_thrust,cruise_263,1500.0,0.0,,,,False
vector_thrust,cruise_263,1500.0,0.0,,,,False
vector_thrust,cruise_263,1500.0,0.0,,,,False
vector_thrust,cruise_264,1500.0,101.74999999999847,,,,False
vector_thrust,cruise_264,1500.0,101.74999999999847,,,,False
vector_thrust,cruise_264,1500.0,101.74999999999847,,,,False
vector_thrust,cruise_264,1500.0,101.74999999999847,,,,False
vector_thrust,cruise_264,1500.0,101.74999999999847,,,,False
vector_thrust,cruise_264,1500.0,101.74999999999847,,,,False
vector_thrust,cruise_264,1500.0,101.74999999999847,,,,False
vector_thrust,cruise_264,1500.0,101.74999999999847,,,,False
vector_thrust,cruise_265,1500.0,0.0,,,,False
vector_thrust,cruise_265,1500.0,0.0,,,,False
vector_thrust,cruise_265,1500.0,0.0,,,,False
vector_thrust,cruise_265,1500.0,0.0,,,,False
vector_thrust,cruise_265,1500.0,0.0,,,,False
vector_thrust,cruise_265,1500.0,0.0,,,,False
vector_thrust,cruise_265,1500.0,0.0,,,,False
vector_thrust,cruise_265,1500.0,0.0,,,,False
vector_thrust,cruise_266,1500.0,101.74999999999847,,,,False
vector_thrust,cruise_266,1500.0,101.74999999999847,,,,False
vector_thrust,cruise_266,1500.0,101.74999999999847,,,,False
vector_thrust,cruise_266,1500.0,101.74999999999847,,,,False
vector_thrust,cruise_266,1500.0,101.74999999999847,,,,False
vector_thrust,cruise_266,1500.0,101.74999999999847,,,,False
vector_thrust,cruise_266,1500.0,101.74999999999847,,,,False
vector_thrust,cruise_266,1500.0,101.74999999999847,,,,False
vector_thrust,cruise_267,1500.0,0.0,,,,False
vector_thrust,cruise_267,1500.0,0.0,,,,False
vector_thrust,cruise_267,1500.0,0.0,,,,False
vector_thrust,cruise_267,1500.0,0.0,,,,False
vector_thrust,cruise_267,1500.0,0.0,,,,False
vector_thrust,cruise_267,1500.0,0.0,,,,False
vector_thrust,cruise_267,1500.0,0.0,,,,False
vector_thrust,cruise_267,1500.0,0.0,,,,False
vector_thrust,cruise_268,1500.0,101.74999999999847,,,,False
vector_thrust,cruise_268,1500.0,101.74999999999847,,,,False
vector_thrust,cruise_268,1500.0,101.74999999999847,,,,False
vector_thrust,cruise_268,1500.0,101.74999999999847,,,,False
vector_thrust,cruise_268,1500.0,101.74999999999847,,,,False
vector_thrust,cruise_268,1500.0,101.74999999999847,,,,False
vector_thrust,cruise_268,1500.0,101.74999999999847,,,,False
vector_thrust,cruise_268,1500.0,101.74999999999847,,,,False
vector_thrust,cruise_269,1500.0,0.0,,,,False
vector_thrust,cruise_269,1500.0,0.0,,,,False
vector_thrust,cruise_269,1500.0,0.0,,,,False
vector_thrust,cruise_269,1500.0,0.0,,,,False
vector_thrust,cruise_269,1500.0,0.0,,,,False
vector_thrust,cruise_269,1500.0,0.0,,,,False
vector_thrust,cruise_269,1500.0,0.0,,,,False
vector_thrust,cruise_269,1500.0,0.0,,,,False
vector_thrust,cruise_270,1500.0,101.74999999999847,,,,False
vector_thrust,cruise_270,1500.0,101.74999999999847,,,,False
vector_thrust,cruise_270,1500.0,101.74999999999847,,,,False
vector_thrust,cruise_270,1500.0,101.74999999999847,,,,False
vector_thrust,cruise_270,1500.0,101.74999999999847,,,,False
vector_thrust,cruise_270,1500.0,101.74999999999847,,,,False
vector_thrust,cruise_270,1500.0,101.74999999999847,,,,False
vector_thrust,cruise_270,1500.0,101.74999999999847,,,,False
vector_thrust,cruise_271,1500.0,0.0,,,,False
vector_thrust,cruise_271,1500.0,0.0,,,,False
vector_thrust,cruise_271,1500.0,0.0,,,,False
vector_thrust,cruise_271,1500.0,0.0,,,,False
vector_thrust,cruise_271,1500.0,0.0,,,,False
vector_thrust,cruise_271,1500.0,0.0,,,,False
vector_thrust,cruise_271,1500.0,0.0,,,,False
vector_thrust,cruise_271,1500.0,0.0,,,,False
vector_thrust,cruise_272,1500.0,101.74999999999847,,,,False
vector_thrust,cruise_272,1500.0,101.74999999999847,,,,False
vector_thrust,cruise_272,1500.0,101.74999999999847,,,,False
vector_thrust,cruise_272,1500.0,101.74999999999847,,,,False
vector_thrust,cruise_272,1500.0,101.74999999999847,,,,False
vector_thrust,cruise_272,1500.0,101.74999999999847,,,,False
vector_thrust,cruise_272,1500.0,101.74999999999847,,,,False
vector_thrust,cruise_272,1500.0,101.74999999999847,,,,False
vector_thrust,cruise_273,1500.0,0.0,,,,False
vector_thrust,cruise_273,1500.0,0.0,,,,False
vector_thrust,cruise_273,1500.0,0.0,,,,False
vector_thrust,cruise_273,1500.0,0.0,,,,False
vector_thrust,cruise_273,1500.0,0.0,,,,False
vector_thrust,cruise_273,1500.0,0.0,,,,False
vector_thrust,cruise_273,1500.0,0.0,,,,False
vector_thrust,cruise_273,1500.0,0.0,,,,False
vector_thrust,cruise_274,1500.0,101.74999999999847,,,,False
vector_thrust,cruise_274,1500.0,101.74999999999847,,,,False
vector_thrust,cruise_274,1500.0,101.74999999999847,,,,False
vector_thrust,cruise_274,1500.0,101.74999999999847,,,,False
vector_thrust,cruise_274,1500.0,101.74999999999847,,,,False
vector_thrust,cruise_274,1500.0,101.74999999999847,,,,False
vector_thrust,cruise_274,1500.0,101.74999999999847,,,,False
vector_thrust,cruise_274,1500.0,101.74999999999847,,,,False
vector_thrust,cruise_275,1500.0,0.0,,,,False
vector_thrust,cruise_275,1500.0,0.0,,,,False
vector_thrust,cruise_275,1500.0,0.0,,,,False
vector_thrust,cruise_275,1500.0,0.0,,,,False
vector_thrust,cruise_275,1500.0,0.0,,,,False
vector_thrust,cruise_275,1500.0,0.0,,,,False
vector_thrust,cruise_275,1500.0,0.0,,,,False
vector_thrust,cruise_275,1500.0,0.0,,,,False
vector_thrust,cruise_276,1500.0,101.74999999999847,,,,False
vector_thrust,cruise_276,1500.0,101.74999999999847,,,,False
vector_thrust,cruise_276,1500.0,101.74999999999847,,,,False
vector_thrust,cruise_276,1500.0,101.74999999999847,,,,False
vector_thrust,cruise_276,1500.0,101.74999999999847,,,,False
vector_thrust,cruise_276,1500.0,101.74999999999847,,,,False
vector_thrust,cruise_276,1500.0,101.74999999999847,,,,False
vector_thrust,cruise_276,1500.0,101.74999999999847,,,,False
vector_thrust,cruise_277,1500.0,0.0,,,,False
vector_thrust,cruise_277,1500.0,0.0,,,,False
vector_thrust,cruise_277,1500.0,0.0,,,,False
vector_thrust,cruise_277,1500.0,0.0,,,,False
vector_thrust,cruise_277,1500.0,0.0,,,,False
vector_thrust,cruise_277,1500.0,0.0,,,,False
vector_thrust,cruise_277,1500.0,0.0,,,,False
vector_thrust,cruise_277,1500.0,0.0,,,,False
vector_thrust,cruise_278,1500.0,101.74999999999847,,,,False
vector_thrust,cruise_278,1500.0,101.74999999999847,,,,False
vector_thrust,cruise_278,1500.0,101.74999999999847,,,,False
vector_thrust,cruise_278,1500.0,101.74999999999847,,,,False
vector_thrust,cruise_278,1500.0,101.74999999999847,,,,False
vector_thrust,cruise_278,1500.0,101.74999999999847,,,,False
vector_thrust,cruise_278,1500.0,101.74999999999847,,,,False
vector_thrust,cruise_278,1500.0,101.74999999999847,,,,False
vector_thrust,cruise_279,1500.0,0.0,,,,False
vector_thrust,cruise_279,1500.0,0.0,,,,False
vector_thrust,cruise_279,1500.0,0.0,,,,False
vector_thrust,cruise_279,1500.0,0.0,,,,False
vector_thrust,cruise_279,1500.0,0.0,,,,False
vector_thrust,cruise_279,1500.0,0.0,,,,False
vector_thrust,cruise_279,1500.0,0.0,,,,False
vector_thrust,cruise_279,1500.0,0.0,,,,False
vector_thrust,cruise_280,1500.0,101.74999999999847,,,,False
vector_thrust,cruise_280,1500.0,101.74999999999847,,,,False
vector_thrust,cruise_280,1500.0,101.74999999999847,,,,False
vector_thrust,cruise_280,1500.0,101.74999999999847,,,,False
vector_thrust,cruise_280,1500.0,101.74999999999847,,,,False
vector_thrust,cruise_280,1500.0,101.74999999999847,,,,False
vector_thrust,cruise_280,1500.0,101.74999999999847,,,,False
vector_thrust,cruise_280,1500.0,101.74999999999847,,,,False
vector_thrust,cruise_281,1500.0,0.0,,,,False
vector_thrust,cruise_281,1500.0,0.0,,,,False
vector_thrust,cruise_281,1500.0,0.0,,,,False
vector_thrust,cruise_281,1500.0,0.0,,,,False
vector_thrust,cruise_281,1500.0,0.0,,,,False
vector_thrust,cruise_281,1500.0,0.0,,,,False
vector_thrust,cruise_281,1500.0,0.0,,,,False
vector_thrust,cruise_281,1500.0,0.0,,,,False
vector_thrust,cruise_282,1500.0,101.74999999999847,,,,False
vector_thrust,cruise_282,1500.0,101.74999999999847,,,,False
vector_thrust,cruise_282,1500.0,101.74999999999847,,,,False
vector_thrust,cruise_282,1500.0,101.74999999999847,,,,False
vector_thrust,cruise_282,1500.0,101.74999999999847,,,,False
vector_thrust,cruise_282,1500.0,101.74999999999847,,,,False
vector_thrust,cruise_282,1500.0,101.74999999999847,,,,False
vector_thrust,cruise_282,1500.0,101.74999999999847,,,,False
vector_thrust,cruise_283,1500.0,0.0,,,,False
vector_thrust,cruise_283,1500.0,0.0,,,,False
vector_thrust,cruise_283,1500.0,0.0,,,,False
vector_thrust,cruise_283,1500.0,0.0,,,,False
vector_thrust,cruise_283,1500.0,0.0,,,,False
vector_thrust,cruise_283,1500.0,0.0,,,,False
vector_thrust,cruise_283,1500.0,0.0,,,,False
vector_thrust,cruise_283,1500.0,0.0,,,,False
vector_thrust,cruise_284,1500.0,101.74999999999847,,,,False
vector_thrust,cruise_284,1500.0,101.74999999999847,,,,False
vector_thrust,cruise_284,1500.0,101.74999999999847,,,,False
vector_thrust,cruise_284,1500.0,101.74999999999847,,,,False
vector_thrust,cruise_284,1500.0,101.74999999999847,,,,False
vector_thrust,cruise_284,1500.0,101.74999999999847,,,,False
vector_thrust,cruise_284,1500.0,101.74999999999847,,,,False
vector_thrust,cruise_284,1500.0,101.74999999999847,,,,False
vector_thrust,cruise_285,1500.0,0.0,,,,False
vector_thrust,cruise_285,1500.0,0.0,,,,False
vector_thrust,cruise_285,1500.0,0.0,,,,False
vector_thrust,cruise_285,1500.0,0.0,,,,False
vector_thrust,cruise_285,1500.0,0.0,,,,False
vector_thrust,cruise_285,1500.0,0.0,,,,False
vector_thrust,cruise_285,1500.0,0.0,,,,False
vector_thrust,cruise_285,1500.0,0.0,,,,False
vector_thrust,cruise_286,1500.0,101.74999999999847,,,,False
vector_thrust,cruise_286,1500.0,101.74999999999847,,,,False
vector_thrust,cruise_286,1500.0,101.74999999999847,,,,False
vector_thrust,cruise_286,1500.0,101.74999999999847,,,,False
vector_thrust,cruise_286,1500.0,101.74999999999847,,,,False
vector_thrust,cruise_286,1500.0,101.74999999999847,,,,False
vector_thrust,cruise_286,1500.0,101.74999999999847,,,,False
vector_thrust,cruise_286,1500.0,101.74999999999847,,,,False
vector_thrust,cruise_287,1500.0,0.0,,,,False
vector_thrust,cruise_287,1500.0,0.0,,,,False
vector_thrust,cruise_287,1500.0,0.0,,,,False
vector_thrust,cruise_287,1500.0,0.0,,,,False
vector_thrust,cruise_287,1500.0,0.0,,,,False
vector_thrust,cruise_287,1500.0,0.0,,,,False
vector_thrust,cruise_287,1500.0,0.0,,,,False
vector_thrust,cruise_287,1500.0,0.0,,,,False
vector_thrust,cruise_288,1500.0,101.74999999999847,,,,False
vector_thrust,cruise_288,1500.0,101.74999999999847,,,,False
vector_thrust,cruise_288,1500.0,101.74999999999847,,,,False
vector_thrust,cruise_288,1500.0,101.74999999999847,,,,False
vector_thrust,cruise_288,1500.0,101.74999999999847,,,,False
vector_thrust,cruise_288,1500.0,101.74999999999847,,,,False
vector_thrust,cruise_288,1500.0,101.74999999999847,,,,False
vector_thrust,cruise_288,1500.0,101.74999999999847,,,,False
vector_thrust,cruise_289,1500.0,0.0,,,,False
vector_thrust,cruise_289,1500.0,0.0,,,,False
vector_thrust,cruise_289,1500.0,0.0,,,,False
vector_thrust,cruise_289,1500.0,0.0,,,,False
vector_thrust,cruise_289,1500.0,0.0,,,,False
vector_thrust,cruise_289,1500.0,0.0,,,,False
vector_thrust,cruise_289,1500.0,0.0,,,,False
vector_thrust,cruise_289,1500.0,0.0,,,,False
vector_thrust,cruise_290,1500.0,101.74999999999847,,,,False
vector_thrust,cruise_290,1500.0,101.74999999999847,,,,False
vector_thrust,cruise_290,1500.0,101.74999999999847,,,,False
vector_thrust,cruise_290,1500.0,101.74999999999847,,,,False
vector_thrust,cruise_290,1500.0,101.74999999999847,,,,False
vector_thrust,cruise_290,1500.0,101.74999999999847,,,,False
vector_thrust,cruise_290,1500.0,101.74999999999847,,,,False
vector_thrust,cruise_290,1500.0,101.74999999999847,,,,False
vector_thrust,cruise_291,1500.0,0.0,,,,False
vector_thrust,cruise_291,1500.0,0.0,,,,False
vector_thrust,cruise_291,1500.0,0.0,,,,False
vector_thrust,cruise_291,1500.0,0.0,,,,False
vector_thrust,cruise_291,1500.0,0.0,,,,False
vector_thrust,cruise_291,1500.0,0.0,,,,False
vector_thrust,cruise_291,1500.0,0.0,,,,False
vector_thrust,cruise_291,1500.0,0.0,,,,False
vector_thrust,cruise_292,1500.0,101.74999999999847,,,,False
vector_thrust,cruise_292,1500.0,101.74999999999847,,,,False
vector_thrust,cruise_292,1500.0,101.74999999999847,,,,False
vector_thrust,cruise_292,1500.0,101.74999999999847,,,,False
vector_thrust,cruise_292,1500.0,101.74999999999847,,,,False
vector_thrust,cruise_292,1500.0,101.74999999999847,,,,False
vector_thrust,cruise_292,1500.0,101.74999999999847,,,,False
vector_thrust,cruise_292,1500.0,101.74999999999847,,,,False
vector_thrust,cruise_293,1500.0,0.0,,,,False
vector_thrust,cruise_293,1500.0,0.0,,,,False
vector_thrust,cruise_293,1500.0,0.0,,,,False
vector_thrust,cruise_293,1500.0,0.0,,,,False
vector_thrust,cruise_293,1500.0,0.0,,,,False
vector_thrust,cruise_293,1500.0,0.0,,,,False
vector_thrust,cruise_293,1500.0,0.0,,,,False
vector_thrust,cruise_293,1500.0,0.0,,,,False
vector_thrust,cruise_294,1500.0,101.74999999999847,,,,False
vector_thrust,cruise_294,1500.0,101.74999999999847,,,,False
vector_thrust,cruise_294,1500.0,101.74999999999847,,,,False
vector_thrust,cruise_294,1500.0,101.74999999999847,,,,False
vector_thrust,cruise_294,1500.0,101.74999999999847,,,,False
vector_thrust,cruise_294,1500.0,101.74999999999847,,,,False
vector_thrust,cruise_294,1500.0,101.74999999999847,,,,False
vector_thrust,cruise_294,1500.0,101.74999999999847,,,,False
vector_thrust,cruise_295,1500.0,0.0,,,,False
vector_thrust,cruise_295,1500.0,0.0,,,,False
vector_thrust,cruise_295,1500.0,0.0,,,,False
vector_thrust,cruise_295,1500.0,0.0,,,,False
vector_thrust,cruise_295,1500.0,0.0,,,,False
vector_thrust,cruise_295,1500.0,0.0,,,,False
vector_thrust,cruise_295,1500.0,0.0,,,,False
vector_thrust,cruise_295,1500.0,0.0,,,,False
vector_thrust,cruise_296,1500.0,101.74999999999847,,,,False
vector_thrust,cruise_296,1500.0,101.74999999999847,,,,False
vector_thrust,cruise_296,1500.0,101.74999999999847,,,,False
vector_thrust,cruise_296,1500.0,101.74999999999847,,,,False
vector_thrust,cruise_296,1500.0,101.74999999999847,,,,False
vector_thrust,cruise_296,1500.0,101.74999999999847,,,,False
vector_thrust,cruise_296,1500.0,101.74999999999847,,,,False
vector_thrust,cruise_296,1500.0,101.74999999999847,,,,False
vector_thrust,cruise_297,1500.0,0.0,,,,False
vector_thrust,cruise_297,1500.0,0.0,,,,False
vector_thrust,cruise_297,1500.0,0.0,,,,False
vector_thrust,cruise_297,1500.0,0.0,,,,False
vector_thrust,cruise_297,1500.0,0.0,,,,False
vector_thrust,cruise_297,1500.0,0.0,,,,False
vector_thrust,cruise_297,1500.0,0.0,,,,False
vector_thrust,cruise_297,1500.0,0.0,,,,False
vector_thrust,cruise_298,1500.0,101.74999999999847,,,,False
vector_thrust,cruise_298,1500.0,101.74999999999847,,,,False
vector_thrust,cruise_298,1500.0,101.74999999999847,,,,False
vector_thrust,cruise_298,1500.0,101.74999999999847,,,,False
vector_thrust,cruise_298,1500.0,101.74999999999847,,,,False
vector_thrust,cruise_298,1500.0,101.74999999999847,,,,False
vector_thrust,cruise_298,1500.0,101.74999999999847,,,,False
vector_thrust,cruise_298,1500.0,101.74999999999847,,,,False
vector_thrust,cruise_299,1500.0,0.0,,,,False
vector_thrust,cruise_299,1500.0,0.0,,,,False
vector_thrust,cruise_299,1500.0,0.0,,,,False
vector_thrust,cruise_299,1500.0,0.0,,,,False
vector_thrust,cruise_299,1500.0,0.0,,,,False
vector_thrust,cruise_299,1500.0,0.0,,,,False
vector_thrust,cruise_299,1500.0,0.0,,,,False
vector_thrust,cruise_299,1500.0,0.0,,,,False
vector_thrust,cruise_300,1500.0,101.74999999999847,,,,False
vector_thrust,cruise_300,1500.0,101.74999999999847,,,,False
vector_thrust,cruise_300,1500.0,101.74999999999847,,,,False
vector_thrust,cruise_300,1500.0,101.74999999999847,,,,False
vector_thrust,cruise_300,1500.0,101.74999999999847,,,,False
vector_thrust,cruise_300,1500.0,101.74999999999847,,,,False
vector_thrust,cruise_300,1500.0,101.74999999999847,,,,False
vector_thrust,cruise_300,1500.0,101.74999999999847,,,,False
vector_thrust,cruise_301,1500.0,0.0,,,,False
vector_thrust,cruise_301,1500.0,0.0,,,,False
vector_thrust,cruise_301,1500.0,0.0,,,,False
vector_thrust,cruise_301,1500.0,0.0,,,,False
vector_thrust,cruise_301,1500.0,0.0,,,,False
vector_thrust,cruise_301,1500.0,0.0,,,,False
vector_thrust,cruise_301,1500.0,0.0,,,,False
vector_thrust,cruise_301,1500.0,0.0,,,,False
vector_thrust,cruise_302,1500.0,101.74999999999847,,,,False
vector_thrust,cruise_302,1500.0,101.74999999999847,,,,False
vector_thrust,cruise_302,1500.0,101.74999999999847,,,,False
vector_thrust,cruise_302,1500.0,101.74999999999847,,,,False
vector_thrust,cruise_302,1500.0,101.74999999999847,,,,False
vector_thrust,cruise_302,1500.0,101.74999999999847,,,,False
vector_thrust,cruise_302,1500.0,101.74999999999847,,,,False
vector_thrust,cruise_302,1500.0,101.74999999999847,,,,False
vector_thrust,cruise_303,1500.0,0.0,,,,False
vector_thrust,cruise_303,1500.0,0.0,,,,False
vector_thrust,cruise_303,1500.0,0.0,,,,False
vector_thrust,cruise_303,1500.0,0.0,,,,False
vector_thrust,cruise_303,1500.0,0.0,,,,False
vector_thrust,cruise_303,1500.0,0.0,,,,False
vector_thrust,cruise_303,1500.0,0.0,,,,False
vector_thrust,cruise_303,1500.0,0.0,,,,False
vector_thrust,cruise_304,1500.0,101.74999999999847,,,,False
vector_thrust,cruise_304,1500.0,101.74999999999847,,,,False
vector_thrust,cruise_304,1500.0,101.74999999999847,,,,False
vector_thrust,cruise_304,1500.0,101.74999999999847,,,,False
vector_thrust,cruise_304,1500.0,101.74999999999847,,,,False
vector_thrust,cruise_304,1500.0,101.74999999999847,,,,False
vector_thrust,cruise_304,1500.0,101.74999999999847,,,,False
vector_thrust,cruise_304,1500.0,101.74999999999847,,,,False
vector_thrust,cruise_305,1500.0,0.0,,,,False
vector_thrust,cruise_305,1500.0,0.0,,,,False
vector_thrust,cruise_305,1500.0,0.0,,,,False
vector_thrust,cruise_305,1500.0,0.0,,,,False
vector_thrust,cruise_305,1500.0,0.0,,,,False
vector_thrust,cruise_305,1500.0,0.0,,,,False
vector_thrust,cruise_305,1500.0,0.0,,,,False
vector_thrust,cruise_305,1500.0,0.0,,,,False
vector_thrust,cruise_306,1500.0,101.74999999999847,,,,False
vector_thrust,cruise_306,1500.0,101.74999999999847,,,,False
vector_thrust,cruise_306,1500.0,101.74999999999847,,,,False
vector_thrust,cruise_306,1500.0,101.74999999999847,,,,False
vector_thrust,cruise_306,1500.0,101.74999999999847,,,,False
vector_thrust,cruise_306,1500.0,101.74999999999847,,,,False
vector_thrust,cruise_306,1500.0,101.74999999999847,,,,False
vector_thrust,cruise_306,1500.0,101.74999999999847,,,,False
vector_thrust,cruise_307,1500.0,0.0,,,,False
vector_thrust,cruise_307,1500.0,0.0,,,,False
vector_thrust,cruise_307,1500.0,0.0,,,,False
vector_thrust,cruise_307,1500.0,0.0,,,,False
vector_thrust,cruise_307,1500.0,0.0,,,,False
vector_thrust,cruise_307,1500.0,0.0,,,,False
vector_thrust,cruise_307,1500.0,0.0,,,,False
vector_thrust,cruise_307,1500.0,0.0,,,,False
vector_thrust,cruise_308,1500.0,101.74999999999847,,,,False
vector_thrust,cruise_308,1500.0,101.74999999999847,,,,False
vector_thrust,cruise_308,1500.0,101.74999999999847,,,,False
vector_thrust,cruise_308,1500.0,101.74999999999847,,,,False
vector_thrust,cruise_308,1500.0,101.74999999999847,,,,False
vector_thrust,cruise_308,1500.0,101.74999999999847,,,,False
vector_thrust,cruise_308,1500.0,101.74999999999847,,,,False
vector_thrust,cruise_308,1500.0,101.74999999999847,,,,False
vector_thrust,cruise_309,1500.0,0.0,,,,False
vector_thrust,cruise_309,1500.0,0.0,,,,False
vector_thrust,cruise_309,1500.0,0.0,,,,False
vector_thrust,cruise_309,1500.0,0.0,,,,False
vector_thrust,cruise_309,1500.0,0.0,,,,False
vector_thrust,cruise_309,1500.0,0.0,,,,False
vector_thrust,cruise_309,1500.0,0.0,,,,False
vector_thrust,cruise_309,1500.0,0.0,,,,False
vector_thrust,cruise_310,1500.0,101.74999999999847,,,,False
vector_thrust,cruise_310,1500.0,101.74999999999847,,,,False
vector_thrust,cruise_310,1500.0,101.74999999999847,,,,False
vector_thrust,cruise_310,1500.0,101.74999999999847,,,,False
vector_thrust,cruise_310,1500.0,101.74999999999847,,,,False
vector_thrust,cruise_310,1500.0,101.74999999999847,,,,False
vector_thrust,cruise_310,1500.0,101.74999999999847,,,,False
vector_thrust,cruise_310,1500.0,101.74999999999847,,,,False
vector_thrust,cruise_311,1500.0,0.0,,,,False
vector_thrust,cruise_311,1500.0,0.0,,,,False
vector_thrust,cruise_311,1500.0,0.0,,,,False
vector_thrust,cruise_311,1500.0,0.0,,,,False
vector_thrust,cruise_311,1500.0,0.0,,,,False
vector_thrust,cruise_311,1500.0,0.0,,,,False
vector_thrust,cruise_311,1500.0,0.0,,,,False
vector_thrust,cruise_311,1500.0,0.0,,,,False
vector_thrust,cruise_312,1500.0,101.74999999999847,,,,False
vector_thrust,cruise_312,1500.0,101.74999999999847,,,,False
vector_thrust,cruise_312,1500.0,101.74999999999847,,,,False
vector_thrust,cruise_312,1500.0,101.74999999999847,,,,False
vector_thrust,cruise_312,1500.0,101.74999999999847,,,,False
vector_thrust,cruise_312,1500.0,101.74999999999847,,,,False
vector_thrust,cruise_312,1500.0,101.74999999999847,,,,False
vector_thrust,cruise_312,1500.0,101.74999999999847,,,,False
vector_thrust,cruise_313,1500.0,0.0,,,,False
vector_thrust,cruise_313,1500.0,0.0,,,,False
vector_thrust,cruise_313,1500.0,0.0,,,,False
vector_thrust,cruise_313,1500.0,0.0,,,,False
vector_thrust,cruise_313,1500.0,0.0,,,,False
vector_thrust,cruise_313,1500.0,0.0,,,,False
vector_thrust,cruise_313,1500.0,0.0,,,,False
vector_thrust,cruise_313,1500.0,0.0,,,,False
vector_thrust,cruise_314,1500.0,101.74999999999847,,,,False
vector_thrust,cruise_314,1500.0,101.74999999999847,,,,False
vector_thrust,cruise_314,1500.0,101.74999999999847,,,,False
vector_thrust,cruise_314,1500.0,101.74999999999847,,,,False
vector_thrust,cruise_314,1500.0,101.74999999999847,,,,False
vector_thrust,cruise_314,1500.0,101.74999999999847,,,,False
vector_thrust,cruise_314,1500.0,101.74999999999847,,,,False
vector_thrust,cruise_314,1500.0,101.74999999999847,,,,False
vector_thrust,cruise_315,1500.0,0.0,,,,False
vector_thrust,cruise_315,1500.0,0.0,,,,False
vector_thrust,cruise_315,1500.0,0.0,,,,False
vector_thrust,cruise_315,1500.0,0.0,,,,False
vector_thrust,cruise_315,1500.0,0.0,,,,False
vector_thrust,cruise_315,1500.0,0.0,,,,False
vector_thrust,cruise_315,1500.0,0.0,,,,False
vector_thrust,cruise_315,1500.0,0.0,,,,False
vector_thrust,cruise_316,1500.0,101.74999999999847,,,,False
vector_thrust,cruise_316,1500.0,101.74999999999847,,,,False
vector_thrust,cruise_316,1500.0,101.74999999999847,,,,False
vector_thrust,cruise_316,1500.0,101.74999999999847,,,,False
vector_thrust,cruise_316,1500.0,101.74999999999847,,,,False
vector_thrust,cruise_316,1500.0,101.74999999999847,,,,False
vector_thrust,cruise_316,1500.0,101.74999999999847,,,,False
vector_thrust,cruise_316,1500.0,101.74999999999847,,,,False
vector_thrust,cruise_317,1500.0,0.0,,,,False
vector_thrust,cruise_317,1500.0,0.0,,,,False
vector_thrust,cruise_317,1500.0,0.0,,,,False
vector_thrust,cruise_317,1500.0,0.0,,,,False
vector_thrust,cruise_317,1500.0,0.0,,,,False
vector_thrust,cruise_317,1500.0,0.0,,,,False
vector_thrust,cruise_317,1500.0,0.0,,,,False
vector_thrust,cruise_317,1500.0,0.0,,,,False
vector_thrust,cruise_318,1500.0,101.74999999999847,,,,False
vector_thrust,cruise_318,1500.0,101.74999999999847,,,,False
vector_thrust,cruise_318,1500.0,101.74999999999847,,,,False
vector_thrust,cruise_318,1500.0,101.74999999999847,,,,False
vector_thrust,cruise_318,1500.0,101.74999999999847,,,,False
vector_thrust,cruise_318,1500.0,101.74999999999847,,,,False
vector_thrust,cruise_318,1500.0,101.74999999999847,,,,False
vector_thrust,cruise_318,1500.0,101.74999999999847,,,,False
vector_thrust,cruise_319,1500.0,0.0,,,,False
vector_thrust,cruise_319,1500.0,0.0,,,,False
vector_thrust,cruise_319,1500.0,0.0,,,,False
vector_thrust,cruise_319,1500.0,0.0,,,,False
vector_thrust,cruise_319,1500.0,0.0,,,,False
vector_thrust,cruise_319,1500.0,0.0,,,,False
vector_thrust,cruise_319,1500.0,0.0,,,,False
vector_thrust,cruise_319,1500.0,0.0,,,,False
vector_thrust,cruise_320,1500.0,101.74999999999847,,,,False
vector_thrust,cruise_320,1500.0,101.74999999999847,,,,False
vector_thrust,cruise_320,1500.0,101.74999999999847,,,,False
vector_thrust,cruise_320,1500.0,101.74999999999847,,,,False
vector_thrust,cruise_320,1500.0,101.74999999999847,,,,False
vector_thrust,cruise_320,1500.0,101.74999999999847,,,,False
vector_thrust,cruise_320,1500.0,101.74999999999847,,,,False
vector_thrust,cruise_320,1500.0,101.74999999999847,,,,False
vector_thrust,cruise_321,1500.0,0.0,,,,False
vector_thrust,cruise_321,1500.0,0.0,,,,False
vector_thrust,cruise_321,1500.0,0.0,,,,False
vector_thrust,cruise_321,1500.0,0.0,,,,False
vector_thrust,cruise_321,1500.0,0.0,,,,False
vector_thrust,cruise_321,1500.0,0.0,,,,False
vector_thrust,cruise_321,1500.0,0.0,,,,False
vector_thrust,cruise_321,1500.0,0.0,,,,False
vector_thrust,cruise_322,1500.0,101.74999999999847,,,,False
vector_thrust,cruise_322,1500.0,101.74999999999847,,,,False
vector_thrust,cruise_322,1500.0,101.74999999999847,,,,False
vector_thrust,cruise_322,1500.0,101.74999999999847,,,,False
vector_thrust,cruise_322,1500.0,101.74999999999847,,,,False
vector_thrust,cruise_322,1500.0,101.74999999999847,,,,False
vector_thrust,cruise_322,1500.0,101.74999999999847,,,,False
vector_thrust,cruise_322,1500.0,101.74999999999847,,,,False
vector_thrust,cruise_323,1500.0,0.0,,,,False
vector_thrust,cruise_323,1500.0,0.0,,,,False
vector_thrust,cruise_323,1500.0,0.0,,,,False
vector_thrust,cruise_323,1500.0,0.0,,,,False
vector_thrust,cruise_323,1500.0,0.0,,,,False
vector_thrust,cruise_323,1500.0,0.0,,,,False
vector_thrust,cruise_323,1500.0,0.0,,,,False
vector_thrust,cruise_323,1500.0,0.0,,,,False
vector_thrust,cruise_324,1500.0,101.74999999999847,,,,False
vector_thrust,cruise_324,1500.0,101.74999999999847,,,,False
vector_thrust,cruise_324,1500.0,101.74999999999847,,,,False
vector_thrust,cruise_324,1500.0,101.74999999999847,,,,False
vector_thrust,cruise_324,1500.0,101.74999999999847,,,,False
vector_thrust,cruise_324,1500.0,101.74999999999847,,,,False
vector_thrust,cruise_324,1500.0,101.74999999999847,,,,False
vector_thrust,cruise_324,1500.0,101.74999999999847,,,,False
vector_thrust,cruise_325,1500.0,0.0,,,,False
vector_thrust,cruise_325,1500.0,0.0,,,,False
vector_thrust,cruise_325,1500.0,0.0,,,,False
vector_thrust,cruise_325,1500.0,0.0,,,,False
vector_thrust,cruise_325,1500.0,0.0,,,,False
vector_thrust,cruise_325,1500.0,0.0,,,,False
vector_thrust,cruise_325,1500.0,0.0,,,,False
vector_thrust,cruise_325,1500.0,0.0,,,,False
vector_thrust,cruise_326,1500.0,101.74999999999847,,,,False
vector_thrust,cruise_326,1500.0,101.74999999999847,,,,False
vector_thrust,cruise_326,1500.0,101.74999999999847,,,,False
vector_thrust,cruise_326,1500.0,101.74999999999847,,,,False
vector_thrust,cruise_326,1500.0,101.74999999999847,,,,False
vector_thrust,cruise_326,1500.0,101.74999999999847,,,,False
vector_thrust,cruise_326,1500.0,101.74999999999847,,,,False
vector_thrust,cruise_326,1500.0,101.74999999999847,,,,False
vector_thrust,cruise_327,1500.0,0.0,,,,False
vector_thrust,cruise_327,1500.0,0.0,,,,False
vector_thrust,cruise_327,1500.0,0.0,,,,False
vector_thrust,cruise_327,1500.0,0.0,,,,False
vector_thrust,cruise_327,1500.0,0.0,,,,False
vector_thrust,cruise_327,1500.0,0.0,,,,False
vector_thrust,cruise_327,1500.0,0.0,,,,False
vector_thrust,cruise_327,1500.0,0.0,,,,False
vector_thrust,cruise_328,1500.0,101.74999999999847,,,,False
vector_thrust,cruise_328,1500.0,101.74999999999847,,,,False
vector_thrust,cruise_328,1500.0,101.74999999999847,,,,False
vector_thrust,cruise_328,1500.0,101.74999999999847,,,,False
vector_thrust,cruise_328,1500.0,101.74999999999847,,,,False
vector_thrust,cruise_328,1500.0,101.74999999999847,,,,False
vector_thrust,cruise_328,1500.0,101.74999999999847,,,,False
vector_thrust,cruise_328,1500.0,101.74999999999847,,,,False
vector_thrust,cruise_329,1500.0,0.0,,,,False
vector_thrust,cruise_329,1500.0,0.0,,,,False
vector_thrust,cruise_329,1500.0,0.0,,,,False
vector_thrust,cruise_329,1500.0,0.0,,,,False
vector_thrust,cruise_329,1500.0,0.0,,,,False
vector_thrust,cruise_329,1500.0,0.0,,,,False
vector_thrust,cruise_329,1500.0,0.0,,,,False
vector_thrust,cruise_329,1500.0,0.0,,,,False
vector_thrust,cruise_330,1500.0,101.74999999999847,,,,False
vector_thrust,cruise_330,1500.0,101.74999999999847,,,,False
vector_thrust,cruise_330,1500.0,101.74999999999847,,,,False
vector_thrust,cruise_330,1500.0,101.74999999999847,,,,False
vector_thrust,cruise_330,1500.0,101.74999999999847,,,,False
vector_thrust,cruise_330,1500.0,101.74999999999847,,,,False
vector_thrust,cruise_330,1500.0,101.74999999999847,,,,False
vector_thrust,cruise_330,1500.0,101.74999999999847,,,,False
vector_thrust,cruise_331,1500.0,0.0,,,,False
vector_thrust,cruise_331,1500.0,0.0,,,,False
vector_thrust,cruise_331,1500.0,0.0,,,,False
vector_thrust,cruise_331,1500.0,0.0,,,,False
vector_thrust,cruise_331,1500.0,0.0,,,,False
vector_thrust,cruise_331,1500.0,0.0,,,,False
vector_thrust,cruise_331,1500.0,0.0,,,,False
vector_thrust,cruise_331,1500.0,0.0,,,,False
vector_thrust,cruise_332,1500.0,101.74999999999847,,,,False
vector_thrust,cruise_332,1500.0,101.74999999999847,,,,False
vector_thrust,cruise_332,1500.0,101.74999999999847,,,,False
vector_thrust,cruise_332,1500.0,101.74999999999847,,,,False
vector_thrust,cruise_332,1500.0,101.74999999999847,,,,False
vector_thrust,cruise_332,1500.0,101.74999999999847,,,,False
vector_thrust,cruise_332,1500.0,101.74999999999847,,,,False
vector_thrust,cruise_332,1500.0,101.74999999999847,,,,False
vector_thrust,cruise_333,1500.0,0.0,,,,False
vector_thrust,cruise_333,1500.0,0.0,,,,False
vector_thrust,cruise_333,1500.0,0.0,,,,False
vector_thrust,cruise_333,1500.0,0.0,,,,False
vector_thrust,cruise_333,1500.0,0.0,,,,False
vector_thrust,cruise_333,1500.0,0.0,,,,False
vector_thrust,cruise_333,1500.0,0.0,,,,False
vector_thrust,cruise_333,1500.0,0.0,,,,False
vector_thrust,cruise_334,1500.0,101.74999999999847,,,,False
vector_thrust,cruise_334,1500.0,101.74999999999847,,,,False
vector_thrust,cruise_334,1500.0,101.74999999999847,,,,False
vector_thrust,cruise_334,1500.0,101.74999999999847,,,,False
vector_thrust,cruise_334,1500.0,101.74999999999847,,,,False
vector_thrust,cruise_334,1500.0,101.74999999999847,,,,False
vector_thrust,cruise_334,1500.0,101.74999999999847,,,,False
vector_thrust,cruise_334,1500.0,101.74999999999847,,,,False
vector_thrust,cruise_335,1500.0,0.0,,,,False
vector_thrust,cruise_335,1500.0,0.0,,,,False
vector_thrust,cruise_335,1500.0,0.0,,,,False
vector_thrust,cruise_335,1500.0,0.0,,,,False
vector_thrust,cruise_335,1500.0,0.0,,,,False
vector_thrust,cruise_335,1500.0,0.0,,,,False
vector_thrust,cruise_335,1500.0,0.0,,,,False
vector_thrust,cruise_335,1500.0,0.0,,,,False
vector_thrust,cruise_336,1500.0,101.74999999999847,,,,False
vector_thrust,cruise_336,1500.0,101.74999999999847,,,,False
vector_thrust,cruise_336,1500.0,101.74999999999847,,,,False
vector_thrust,cruise_336,1500.0,101.74999999999847,,,,False
vector_thrust,cruise_336,1500.0,101.74999999999847,,,,False
vector_thrust,cruise_336,1500.0,101.74999999999847,,,,False
vector_thrust,cruise_336,1500.0,101.74999999999847,,,,False
vector_thrust,cruise_336,1500.0,101.74999999999847,,,,False
vector_thrust,cruise_337,1500.0,0.0,,,,False
vector_thrust,cruise_337,1500.0,0.0,,,,False
vector_thrust,cruise_337,1500.0,0.0,,,,False
vector_thrust,cruise_337,1500.0,0.0,,,,False
vector_thrust,cruise_337,1500.0,0.0,,,,False
vector_thrust,cruise_337,1500.0,0.0,,,,False
vector_thrust,cruise_337,1500.0,0.0,,,,False
vector_thrust,cruise_337,1500.0,0.0,,,,False
vector_thrust,cruise_338,1500.0,101.74999999999847,,,,False
vector_thrust,cruise_338,1500.0,101.74999999999847,,,,False
vector_thrust,cruise_338,1500.0,101.74999999999847,,,,False
vector_thrust,cruise_338,1500.0,101.74999999999847,,,,False
vector_thrust,cruise_338,1500.0,101.74999999999847,,,,False
vector_thrust,cruise_338,1500.0,101.74999999999847,,,,False
vector_thrust,cruise_338,1500.0,101.74999999999847,,,,False
vector_thrust,cruise_338,1500.0,101.74999999999847,,,,False
vector_thrust,cruise_339,1500.0,0.0,,,,False
vector_thrust,cruise_339,1500.0,0.0,,,,False
vector_thrust,cruise_339,1500.0,0.0,,,,False
vector_thrust,cruise_339,1500.0,0.0,,,,False
vector_thrust,cruise_339,1500.0,0.0,,,,False
vector_thrust,cruise_339,1500.0,0.0,,,,False
vector_thrust,cruise_339,1500.0,0.0,,,,False
vector_thrust,cruise_339,1500.0,0.0,,,,False
vector_thrust,cruise_340,1500.0,101.74999999999847,,,,False
vector_thrust,cruise_340,1500.0,101.74999999999847,,,,False
vector_thrust,cruise_340,1500.0,101.74999999999847,,,,False
vector_thrust,cruise_340,1500.0,101.74999999999847,,,,False
vector_thrust,cruise_340,1500.0,101.74999999999847,,,,False
vector_thrust,cruise_340,1500.0,101.74999999999847,,,,False
vector_thrust,cruise_340,1500.0,101.74999999999847,,,,False
vector_thrust,cruise_340,1500.0,101.74999999999847,,,,False
vector_thrust,cruise_341,1500.0,0.0,,,,False
vector_thrust,cruise_341,1500.0,0.0,,,,False
vector_thrust,cruise_341,1500.0,0.0,,,,False
vector_thrust,cruise_341,1500.0,0.0,,,,False
vector_thrust,cruise_341,1500.0,0.0,,,,False
vector_thrust,cruise_341,1500.0,0.0,,,,False
vector_thrust,cruise_341,1500.0,0.0,,,,False
vector_thrust,cruise_341,1500.0,0.0,,,,False
vector_thrust,cruise_342,1500.0,101.74999999999847,,,,False
vector_thrust,cruise_342,1500.0,101.74999999999847,,,,False
vector_thrust,cruise_342,1500.0,101.74999999999847,,,,False
vector_thrust,cruise_342,1500.0,101.74999999999847,,,,False
vector_thrust,cruise_342,1500.0,101.74999999999847,,,,False
vector_thrust,cruise_342,1500.0,101.74999999999847,,,,False
vector_thrust,cruise_342,1500.0,101.74999999999847,,,,False
vector_thrust,cruise_342,1500.0,101.74999999999847,,,,False
vector_thrust,cruise_343,1500.0,0.0,,,,False
vector_thrust,cruise_343,1500.0,0.0,,,,False
vector_thrust,cruise_343,1500.0,0.0,,,,False
vector_thrust,cruise_343,1500.0,0.0,,,,False
vector_thrust,cruise_343,1500.0,0.0,,,,False
vector_thrust,cruise_343,1500.0,0.0,,,,False
vector_thrust,cruise_343,1500.0,0.0,,,,False
vector_thrust,cruise_343,1500.0,0.0,,,,False
vector_thrust,cruise_344,1500.0,101.74999999999847,,,,False
vector_thrust,cruise_344,1500.0,101.74999999999847,,,,False
vector_thrust,cruise_344,1500.0,101.74999999999847,,,,False
vector_thrust,cruise_344,1500.0,101.74999999999847,,,,False
vector_thrust,cruise_344,1500.0,101.74999999999847,,,,False
vector_thrust,cruise_344,1500.0,101.74999999999847,,,,False
vector_thrust,cruise_344,1500.0,101.74999999999847,,,,False
vector_thrust,cruise_344,1500.0,101.74999999999847,,,,False
vector_thrust,cruise_345,1500.0,0.0,,,,False
vector_thrust,cruise_345,1500.0,0.0,,,,False
vector_thrust,cruise_345,1500.0,0.0,,,,False
vector_thrust,cruise_345,1500.0,0.0,,,,False
vector_thrust,cruise_345,1500.0,0.0,,,,False
vector_thrust,cruise_345,1500.0,0.0,,,,False
vector_thrust,cruise_345,1500.0,0.0,,,,False
vector_thrust,cruise_345,1500.0,0.0,,,,False
vector_thrust,cruise_346,1500.0,101.74999999999847,,,,False
vector_thrust,cruise_346,1500.0,101.74999999999847,,,,False
vector_thrust,cruise_346,1500.0,101.74999999999847,,,,False
vector_thrust,cruise_346,1500.0,101.74999999999847,,,,False
vector_thrust,cruise_346,1500.0,101.74999999999847,,,,False
vector_thrust,cruise_346,1500.0,101.74999999999847,,,,False
vector_thrust,cruise_346,1500.0,101.74999999999847,,,,False
vector_thrust,cruise_346,1500.0,101.74999999999847,,,,False
vector_thrust,cruise_347,1500.0,0.0,,,,False
vector_thrust,cruise_347,1500.0,0.0,,,,False
vector_thrust,cruise_347,1500.0,0.0,,,,False
vector_thrust,cruise_347,1500.0,0.0,,,,False
vector_thrust,cruise_347,1500.0,0.0,,,,False
vector_thrust,cruise_347,1500.0,0.0,,,,False
vector_thrust,cruise_347,1500.0,0.0,,,,False
vector_thrust,cruise_347,1500.0,0.0,,,,False
vector_thrust,cruise_348,1500.0,101.74999999999847,,,,False
vector_thrust,cruise_348,1500.0,101.74999999999847,,,,False
vector_thrust,cruise_348,1500.0,101.74999999999847,,,,False
vector_thrust,cruise_348,1500.0,101.74999999999847,,,,False
vector_thrust,cruise_348,1500.0,101.74999999999847,,,,False
vector_thrust,cruise_348,1500.0,101.74999999999847,,,,False
vector_thrust,cruise_348,1500.0,101.74999999999847,,,,False
vector_thrust,cruise_348,1500.0,101.74999999999847,,,,False
vector_thrust,cruise_349,1500.0,0.0,,,,False
vector_thrust,cruise_349,1500.0,0.0,,,,False
vector_thrust,cruise_349,1500.0,0.0,,,,False
vector_thrust,cruise_349,1500.0,0.0,,,,False
vector_thrust,cruise_349,1500.0,0.0,,,,False
vector_thrust,cruise_349,1500.0,0.0,,,,False
vector_thrust,cruise_349,1500.0,0.0,,,,False
vector_thrust,cruise_349,1500.0,0.0,,,,False
vector_thrust,cruise_350,1500.0,101.74999999999847,,,,False
vector_thrust,cruise_350,1500.0,101.74999999999847,,,,False
vector_thrust,cruise_350,1500.0,101.74999999999847,,,,False
vector_thrust,cruise_350,1500.0,101.74999999999847,,,,False
vector_thrust,cruise_350,1500.0,101.74999999999847,,,,False
vector_thrust,cruise_350,1500.0,101.74999999999847,,,,False
vector_thrust,cruise_350,1500.0,101.74999999999847,,,,False
vector_thrust,cruise_350,1500.0,101.74999999999847,,,,False
vector_thrust,cruise_351,1500.0,0.0,,,,False
vector_thrust,cruise_351,1500.0,0.0,,,,False
vector_thrust,cruise_351,1500.0,0.0,,,,False
vector_thrust,cruise_351,1500.0,0.0,,,,False
vector_thrust,cruise_351,1500.0,0.0,,,,False
vector_thrust,cruise_351,1500.0,0.0,,,,False
vector_thrust,cruise_351,1500.0,0.0,,,,False
vector_thrust,cruise_351,1500.0,0.0,,,,False
vector_thrust,cruise_352,1500.0,101.74999999999847,,,,False
vector_thrust,cruise_352,1500.0,101.74999999999847,,,,False
vector_thrust,cruise_352,1500.0,101.74999999999847,,,,False
vector_thrust,cruise_352,1500.0,101.74999999999847,,,,False
vector_thrust,cruise_352,1500.0,101.74999999999847,,,,False
vector_thrust,cruise_352,1500.0,101.74999999999847,,,,False
vector_thrust,cruise_352,1500.0,101.74999999999847,,,,False
vector_thrust,cruise_352,1500.0,101.74999999999847,,,,False
vector_thrust,cruise_353,1500.0,0.0,,,,False
vector_thrust,cruise_353,1500.0,0.0,,,,False
vector_thrust,cruise_353,1500.0,0.0,,,,False
vector_thrust,cruise_353,1500.0,0.0,,,,False
vector_thrust,cruise_353,1500.0,0.0,,,,False
vector_thrust,cruise_353,1500.0,0.0,,,,False
vector_thrust,cruise_353,1500.0,0.0,,,,False
vector_thrust,cruise_353,1500.0,0.0,,,,False
vector_thrust,cruise_354,1500.0,101.74999999999847,,,,False
vector_thrust,cruise_354,1500.0,101.74999999999847,,,,False
vector_thrust,cruise_354,1500.0,101.74999999999847,,,,False
vector_thrust,cruise_354,1500.0,101.74999999999847,,,,False
vector_thrust,cruise_354,1500.0,101.74999999999847,,,,False
vector_thrust,cruise_354,1500.0,101.74999999999847,,,,False
vector_thrust,cruise_354,1500.0,101.74999999999847,,,,False
vector_thrust,cruise_354,1500.0,101.74999999999847,,,,False
vector_thrust,cruise_355,1500.0,0.0,,,,False
vector_thrust,cruise_355,1500.0,0.0,,,,False
vector_thrust,cruise_355,1500.0,0.0,,,,False
vector_thrust,cruise_355,1500.0,0.0,,,,False
vector_thrust,cruise_355,1500.0,0.0,,,,False
vector_thrust,cruise_355,1500.0,0.0,,,,False
vector_thrust,cruise_355,1500.0,0.0,,,,False
vector_thrust,cruise_355,1500.0,0.0,,,,False
vector_thrust,cruise_356,1500.0,101.74999999999847,,,,False
vector_thrust,cruise_356,1500.0,101.74999999999847,,,,False
vector_thrust,cruise_356,1500.0,101.74999999999847,,,,False
vector_thrust,cruise_356,1500.0,101.74999999999847,,,,False
vector_thrust,cruise_356,1500.0,101.74999999999847,,,,False
vector_thrust,cruise_356,1500.0,101.74999999999847,,,,False
vector_thrust,cruise_356,1500.0,101.74999999999847,,,,False
vector_thrust,cruise_356,1500.0,101.74999999999847,,,,False
vector_thrust,cruise_357,1500.0,0.0,,,,False
vector_thrust,cruise_357,1500.0,0.0,,,,False
vector_thrust,cruise_357,1500.0,0.0,,,,False
vector_thrust,cruise_357,1500.0,0.0,,,,False
vector_thrust,cruise_357,1500.0,0.0,,,,False
vector_thrust,cruise_357,1500.0,0.0,,,,False
vector_thrust,cruise_357,1500.0,0.0,,,,False
vector_thrust,cruise_357,1500.0,0.0,,,,False
vector_thrust,cruise_358,1500.0,101.74999999999847,,,,False
vector_thrust,cruise_358,1500.0,101.74999999999847,,,,False
vector_thrust,cruise_358,1500.0,101.74999999999847,,,,False
vector_thrust,cruise_358,1500.0,101.74999999999847,,,,False
vector_thrust,cruise_358,1500.0,101.74999999999847,,,,False
vector_thrust,cruise_358,1500.0,101.74999999999847,,,,False
vector_thrust,cruise_358,1500.0,101.74999999999847,,,,False
vector_thrust,cruise_358,1500.0,101.74999999999847,,,,False
vector_thrust,cruise_359,1500.0,0.0,,,,False
vector_thrust,cruise_359,1500.0,0.0,,,,False
vector_thrust,cruise_359,1500.0,0.0,,,,False
vector_thrust,cruise_359,1500.0,0.0,,,,False
vector_thrust,cruise_359,1500.0,0.0,,,,False
vector_thrust,cruise_359,1500.0,0.0,,,,False
vector_thrust,cruise_359,1500.0,0.0,,,,False
vector_thrust,cruise_359,1500.0,0.0,,,,False
vector_thrust,cruise_360,1500.0,101.74999999999847,,,,False
vector_thrust,cruise_360,1500.0,101.74999999999847,,,,False
vector_thrust,cruise_360,1500.0,101.74999999999847,,,,False
vector_thrust,cruise_360,1500.0,101.74999999999847,,,,False
vector_thrust,cruise_360,1500.0,101.74999999999847,,,,False
vector_thrust,cruise_360,1500.0,101.74999999999847,,,,False
vector_thrust,cruise_360,1500.0,101.74999999999847,,,,False
vector_thrust,cruise_360,1500.0,101.74999999999847,,,,False
vector_thrust,cruise_361,1500.0,0.0,,,,False
vector_thrust,cruise_361,1500.0,0.0,,,,False
vector_thrust,cruise_361,1500.0,0.0,,,,False
vector_thrust,cruise_361,1500.0,0.0,,,,False
vector_thrust,cruise_361,1500.0,0.0,,,,False
vector_thrust,cruise_361,1500.0,0.0,,,,False
vector_thrust,cruise_361,1500.0,0.0,,,,False
vector_thrust,cruise_361,1500.0,0.0,,,,False
vector_thrust,cruise_362,1500.0,101.74999999999847,,,,False
vector_thrust,cruise_362,1500.0,101.74999999999847,,,,False
vector_thrust,cruise_362,1500.0,101.74999999999847,,,,False
vector_thrust,cruise_362,1500.0,101.74999999999847,,,,False
vector_thrust,cruise_362,1500.0,101.74999999999847,,,,False
vector_thrust,cruise_362,1500.0,101.74999999999847,,,,False
vector_thrust,cruise_362,1500.0,101.74999999999847,,,,False
vector_thrust,cruise_362,1500.0,101.74999999999847,,,,False
vector_thrust,cruise_363,1500.0,0.0,,,,False
vector_thrust,cruise_363,1500.0,0.0,,,,False
vector_thrust,cruise_363,1500.0,0.0,,,,False
vector_thrust,cruise_363,1500.0,0.0,,,,False
vector_thrust,cruise_363,1500.0,0.0,,,,False
vector_thrust,cruise_363,1500.0,0.0,,,,False
vector_thrust,cruise_363,1500.0,0.0,,,,False
vector_thrust,cruise_363,1500.0,0.0,,,,False
vector_thrust,cruise_364,1500.0,101.74999999999847,,,,False
vector_thrust,cruise_364,1500.0,101.74999999999847,,,,False
vector_thrust,cruise_364,1500.0,101.74999999999847,,,,False
vector_thrust,cruise_364,1500.0,101.74999999999847,,,,False
vector_thrust,cruise_364,1500.0,101.74999999999847,,,,False
vector_thrust,cruise_364,1500.0,101.74999999999847,,,,False
vector_thrust,cruise_364,1500.0,101.74999999999847,,,,False
vector_thrust,cruise_364,1500.0,101.74999999999847,,,,False
vector_thrust,cruise_365,1500.0,0.0,,,,False
vector_thrust,cruise_365,1500.0,0.0,,,,False
vector_thrust,cruise_365,1500.0,0.0,,,,False
vector_thrust,cruise_365,1500.0,0.0,,,,False
vector_thrust,cruise_365,1500.0,0.0,,,,False
vector_thrust,cruise_365,1500.0,0.0,,,,False
vector_thrust,cruise_365,1500.0,0.0,,,,False
vector_thrust,cruise_365,1500.0,0.0,,,,False
vector_thrust,cruise_366,1500.0,101.74999999999847,,,,False
vector_thrust,cruise_366,1500.0,101.74999999999847,,,,False
vector_thrust,cruise_366,1500.0,101.74999999999847,,,,False
vector_thrust,cruise_366,1500.0,101.74999999999847,,,,False
vector_thrust,cruise_366,1500.0,101.74999999999847,,,,False
vector_thrust,cruise_366,1500.0,101.74999999999847,,,,False
vector_thrust,cruise_366,1500.0,101.74999999999847,,,,False
vector_thrust,cruise_366,1500.0,101.74999999999847,,,,False
vector_thrust,cruise_367,1500.0,0.0,,,,False
vector_thrust,cruise_367,1500.0,0.0,,,,False
vector_thrust,cruise_367,1500.0,0.0,,,,False
vector_thrust,cruise_367,1500.0,0.0,,,,False
vector_thrust,cruise_367,1500.0,0.0,,,,False
vector_thrust,cruise_367,1500.0,0.0,,,,False
vector_thrust,cruise_367,1500.0,0.0,,,,False
vector_thrust,cruise_367,1500.0,0.0,,,,False
vector_thrust,cruise_368,1500.0,101.74999999999847,,,,False
vector_thrust,cruise_368,1500.0,101.74999999999847,,,,False
vector_thrust,cruise_368,1500.0,101.74999999999847,,,,False
vector_thrust,cruise_368,1500.0,101.74999999999847,,,,False
vector_thrust,cruise_368,1500.0,101.74999999999847,,,,False
vector_thrust,cruise_368,1500.0,101.74999999999847,,,,False
vector_thrust,cruise_368,1500.0,101.74999999999847,,,,False
vector_thrust,cruise_368,1500.0,101.74999999999847,,,,False
vector_thrust,cruise_369,1500.0,0.0,,,,False
vector_thrust,cruise_369,1500.0,0.0,,,,False
vector_thrust,cruise_369,1500.0,0.0,,,,False
vector_thrust,cruise_369,1500.0,0.0,,,,False
vector_thrust,cruise_369,1500.0,0.0,,,,False
vector_thrust,cruise_369,1500.0,0.0,,,,False
vector_thrust,cruise_369,1500.0,0.0,,,,False
vector_thrust,cruise_369,1500.0,0.0,,,,False
vector_thrust,cruise_370,1500.0,101.74999999999847,,,,False
vector_thrust,cruise_370,1500.0,101.74999999999847,,,,False
vector_thrust,cruise_370,1500.0,101.74999999999847,,,,False
vector_thrust,cruise_370,1500.0,101.74999999999847,,,,False
vector_thrust,cruise_370,1500.0,101.74999999999847,,,,False
vector_thrust,cruise_370,1500.0,101.74999999999847,,,,False
vector_thrust,cruise_370,1500.0,101.74999999999847,,,,False
vector_thrust,cruise_370,1500.0,101.74999999999847,,,,False
vector_thrust,cruise_371,1500.0,0.0,,,,False
vector_thrust,cruise_371,1500.0,0.0,,,,False
vector_thrust,cruise_371,1500.0,0.0,,,,False
vector_thrust,cruise_371,1500.0,0.0,,,,False
vector_thrust,cruise_371,1500.0,0.0,,,,False
vector_thrust,cruise_371,1500.0,0.0,,,,False
vector_thrust,cruise_371,1500.0,0.0,,,,False
vector_thrust,cruise_371,1500.0,0.0,,,,False
vector_thrust,cruise_372,1500.0,101.74999999999847,,,,False
vector_thrust,cruise_372,1500.0,101.74999999999847,,,,False
vector_thrust,cruise_372,1500.0,101.74999999999847,,,,False
vector_thrust,cruise_372,1500.0,101.74999999999847,,,,False
vector_thrust,cruise_372,1500.0,101.74999999999847,,,,False
vector_thrust,cruise_372,1500.0,101.74999999999847,,,,False
vector_thrust,cruise_372,1500.0,101.74999999999847,,,,False
vector_thrust,cruise_372,1500.0,101.74999999999847,,,,False
vector_thrust,cruise_373,1500.0,0.0,,,,False
vector_thrust,cruise_373,1500.0,0.0,,,,False
vector_thrust,cruise_373,1500.0,0.0,,,,False
vector_thrust,cruise_373,1500.0,0.0,,,,False
vector_thrust,cruise_373,1500.0,0.0,,,,False
vector_thrust,cruise_373,1500.0,0.0,,,,False
vector_thrust,cruise_373,1500.0,0.0,,,,False
vector_thrust,cruise_373,1500.0,0.0,,,,False
vector_thrust,cruise_374,1500.0,101.74999999999847,,,,False
vector_thrust,cruise_374,1500.0,101.74999999999847,,,,False
vector_thrust,cruise_374,1500.0,101.74999999999847,,,,False
vector_thrust,cruise_374,1500.0,101.74999999999847,,,,False
vector_thrust,cruise_374,1500.0,101.74999999999847,,,,False
vector_thrust,cruise_374,1500.0,101.74999999999847,,,,False
vector_thrust,cruise_374,1500.0,101.74999999999847,,,,False
vector_thrust,cruise_374,1500.0,101.74999999999847,,,,False
vector_thrust,cruise_375,1500.0,0.0,,,,False
vector_thrust,cruise_375,1500.0,0.0,,,,False
vector_thrust,cruise_375,1500.0,0.0,,,,False
vector_thrust,cruise_375,1500.0,0.0,,,,False
vector_thrust,cruise_375,1500.0,0.0,,,,False
vector_thrust,cruise_375,1500.0,0.0,,,,False
vector_thrust,cruise_375,1500.0,0.0,,,,False
vector_thrust,cruise_375,1500.0,0.0,,,,False
vector_thrust,cruise_376,1500.0,101.74999999999847,,,,False
vector_thrust,cruise_376,1500.0,101.74999999999847,,,,False
vector_thrust,cruise_376,1500.0,101.74999999999847,,,,False
vector_thrust,cruise_376,1500.0,101.74999999999847,,,,False
vector_thrust,cruise_376,1500.0,101.74999999999847,,,,False
vector_thrust,cruise_376,1500.0,101.74999999999847,,,,False
vector_thrust,cruise_376,1500.0,101.74999999999847,,,,False
vector_thrust,cruise_376,1500.0,101.74999999999847,,,,False
vector_thrust,cruise_377,1500.0,0.0,,,,False
vector_thrust,cruise_377,1500.0,0.0,,,,False
vector_thrust,cruise_377,1500.0,0.0,,,,False
vector_thrust,cruise_377,1500.0,0.0,,,,False
vector_thrust,cruise_377,1500.0,0.0,,,,False
vector_thrust,cruise_377,1500.0,0.0,,,,False
vector_thrust,cruise_377,1500.0,0.0,,,,False
vector_thrust,cruise_377,1500.0,0.0,,,,False
vector_thrust,cruise_378,1500.0,101.74999999999847,,,,False
vector_thrust,cruise_378,1500.0,101.74999999999847,,,,False
vector_thrust,cruise_378,1500.0,101.74999999999847,,,,False
vector_thrust,cruise_378,1500.0,101.74999999999847,,,,False
vector_thrust,cruise_378,1500.0,101.74999999999847,,,,False
vector_thrust,cruise_378,1500.0,101.74999999999847,,,,False
vector_thrust,cruise_378,1500.0,101.74999999999847,,,,False
vector_thrust,cruise_378,1500.0,101.74999999999847,,,,False
vector_thrust,cruise_379,1500.0,0.0,,,,False
vector_thrust,cruise_379,1500.0,0.0,,,,False
vector_thrust,cruise_379,1500.0,0.0,,,,False
vector_thrust,cruise_379,1500.0,0.0,,,,False
vector_thrust,cruise_379,1500.0,0.0,,,,False
vector_thrust,cruise_379,1500.0,0.0,,,,False
vector_thrust,cruise_379,1500.0,0.0,,,,False
vector_thrust,cruise_379,1500.0,0.0,,,,False
vector_thrust,cruise_380,1500.0,101.74999999999847,,,,False
vector_thrust,cruise_380,1500.0,101.74999999999847,,,,False
vector_thrust,cruise_380,1500.0,101.74999999999847,,,,False
vector_thrust,cruise_380,1500.0,101.74999999999847,,,,False
vector_thrust,cruise_380,1500.0,101.74999999999847,,,,False
vector_thrust,cruise_380,1500.0,101.74999999999847,,,,False
vector_thrust,cruise_380,1500.0,101.74999999999847,,,,False
vector_thrust,cruise_380,1500.0,101.74999999999847,,,,False
vector_thrust,cruise_381,1500.0,0.0,,,,False
vector_thrust,cruise_381,1500.0,0.0,,,,False
vector_thrust,cruise_381,1500.0,0.0,,,,False
vector_thrust,cruise_381,1500.0,0.0,,,,False
vector_thrust,cruise_381,1500.0,0.0,,,,False
vector_thrust,cruise_381,1500.0,0.0,,,,False
vector_thrust,cruise_381,1500.0,0.0,,,,False
vector_thrust,cruise_381,1500.0,0.0,,,,False
vector_thrust,cruise_382,1500.0,101.74999999999847,,,,False
vector_thrust,cruise_382,1500.0,101.74999999999847,,,,False
vector_thrust,cruise_382,1500.0,101.74999999999847,,,,False
vector_thrust,cruise_382,1500.0,101.74999999999847,,,,False
vector_thrust,cruise_382,1500.0,101.74999999999847,,,,False
vector_thrust,cruise_382,1500.0,101.74999999999847,,,,False
vector_thrust,cruise_382,1500.0,101.74999999999847,,,,False
vector_thrust,cruise_382,1500.0,101.74999999999847,,,,False
vector_thrust,cruise_383,1500.0,0.0,,,,False
vector_thrust,cruise_383,1500.0,0.0,,,,False
vector_thrust,cruise_383,1500.0,0.0,,,,False
vector_thrust,cruise_383,1500.0,0.0,,,,False
vector_thrust,cruise_383,1500.0,0.0,,,,False
vector_thrust,cruise_383,1500.0,0.0,,,,False
vector_thrust,cruise_383,1500.0,0.0,,,,False
vector_thrust,cruise_383,1500.0,0.0,,,,False
vector_thrust,cruise_384,1500.0,101.74999999999847,,,,False
vector_thrust,cruise_384,1500.0,101.74999999999847,,,,False
vector_thrust,cruise_384,1500.0,101.74999999999847,,,,False
vector_thrust,cruise_384,1500.0,101.74999999999847,,,,False
vector_thrust,cruise_384,1500.0,101.74999999999847,,,,False
vector_thrust,cruise_384,1500.0,101.74999999999847,,,,False
vector_thrust,cruise_384,1500.0,101.74999999999847,,,,False
vector_thrust,cruise_384,1500.0,101.74999999999847,,,,False
vector_thrust,cruise_385,1500.0,0.0,,,,False
vector_thrust,cruise_385,1500.0,0.0,,,,False
vector_thrust,cruise_385,1500.0,0.0,,,,False
vector_thrust,cruise_385,1500.0,0.0,,,,False
vector_thrust,cruise_385,1500.0,0.0,,,,False
vector_thrust,cruise_385,1500.0,0.0,,,,False
vector_thrust,cruise_385,1500.0,0.0,,,,False
vector_thrust,cruise_385,1500.0,0.0,,,,False
vector_thrust,cruise_386,1500.0,101.74999999999847,,,,False
vector_thrust,cruise_386,1500.0,101.74999999999847,,,,False
vector_thrust,cruise_386,1500.0,101.74999999999847,,,,False
vector_thrust,cruise_386,1500.0,101.74999999999847,,,,False
vector_thrust,cruise_386,1500.0,101.74999999999847,,,,False
vector_thrust,cruise_386,1500.0,101.74999999999847,,,,False
vector_thrust,cruise_386,1500.0,101.74999999999847,,,,False
vector_thrust,cruise_386,1500.0,101.74999999999847,,,,False
vector_thrust,cruise_387,1500.0,0.0,,,,False
vector_thrust,cruise_387,1500.0,0.0,,,,False
vector_thrust,cruise_387,1500.0,0.0,,,,False
vector_thrust,cruise_387,1500.0,0.0,,,,False
vector_thrust,cruise_387,1500.0,0.0,,,,False
vector_thrust,cruise_387,1500.0,0.0,,,,False
vector_thrust,cruise_387,1500.0,0.0,,,,False
vector_thrust,cruise_387,1500.0,0.0,,,,False
vector_thrust,cruise_388,1500.0,101.74999999999847,,,,False
vector_thrust,cruise_388,1500.0,101.74999999999847,,,,False
vector_thrust,cruise_388,1500.0,101.74999999999847,,,,False
vector_thrust,cruise_388,1500.0,101.74999999999847,,,,False
vector_thrust,cruise_388,1500.0,101.74999999999847,,,,False
vector_thrust,cruise_388,1500.0,101.74999999999847,,,,False
vector_thrust,cruise_388,1500.0,101.74999999999847,,,,False
vector_thrust,cruise_388,1500.0,101.74999999999847,,,,False
vector_thrust,cruise_389,1500.0,0.0,,,,False
vector_thrust,cruise_389,1500.0,0.0,,,,False
vector_thrust,cruise_389,1500.0,0.0,,,,False
vector_thrust,cruise_389,1500.0,0.0,,,,False
vector_thrust,cruise_389,1500.0,0.0,,,,False
vector_thrust,cruise_389,1500.0,0.0,,,,False
vector_thrust,cruise_389,1500.0,0.0,,,,False
vector_thrust,cruise_389,1500.0,0.0,,,,False
vector_thrust,cruise_390,1500.0,101.74999999999847,,,,False
vector_thrust,cruise_390,1500.0,101.74999999999847,,,,False
vector_thrust,cruise_390,1500.0,101.74999999999847,,,,False
vector_thrust,cruise_390,1500.0,101.74999999999847,,,,False
vector_thrust,cruise_390,1500.0,101.74999999999847,,,,False
vector_thrust,cruise_390,1500.0,101.74999999999847,,,,False
vector_thrust,cruise_390,1500.0,101.74999999999847,,,,False
vector_thrust,cruise_390,1500.0,101.74999999999847,,,,False
vector_thrust,cruise_391,1500.0,0.0,,,,False
vector_thrust,cruise_391,1500.0,0.0,,,,False
vector_thrust,cruise_391,1500.0,0.0,,,,False
vector_thrust,cruise_391,1500.0,0.0,,,,False
vector_thrust,cruise_391,1500.0,0.0,,,,False
vector_thrust,cruise_391,1500.0,0.0,,,,False
vector_thrust,cruise_391,1500.0,0.0,,,,False
vector_thrust,cruise_391,1500.0,0.0,,,,False
vector_thrust,cruise_392,1500.0,101.74999999999847,,,,False
vector_thrust,cruise_392,1500.0,101.74999999999847,,,,False
vector_thrust,cruise_392,1500.0,101.74999999999847,,,,False
vector_thrust,cruise_392,1500.0,101.74999999999847,,,,False
vector_thrust,cruise_392,1500.0,101.74999999999847,,,,False
vector_thrust,cruise_392,1500.0,101.74999999999847,,,,False
vector_thrust,cruise_392,1500.0,101.74999999999847,,,,False
vector_thrust,cruise_392,1500.0,101.74999999999847,,,,False
vector_thrust,cruise_393,1500.0,0.0,,,,False
vector_thrust,cruise_393,1500.0,0.0,,,,False
vector_thrust,cruise_393,1500.0,0.0,,,,False
vector_thrust,cruise_393,1500.0,0.0,,,,False
vector_thrust,cruise_393,1500.0,0.0,,,,False
vector_thrust,cruise_393,1500.0,0.0,,,,False
vector_thrust,cruise_393,1500.0,0.0,,,,False
vector_thrust,cruise_393,1500.0,0.0,,,,False
vector_thrust,cruise_394,1500.0,101.74999999999847,,,,False
vector_thrust,cruise_394,1500.0,101.74999999999847,,,,False
vector_thrust,cruise_394,1500.0,101.74999999999847,,,,False
vector_thrust,cruise_394,1500.0,101.74999999999847,,,,False
vector_thrust,cruise_394,1500.0,101.74999999999847,,,,False
vector_thrust,cruise_394,1500.0,101.74999999999847,,,,False
vector_thrust,cruise_394,1500.0,101.74999999999847,,,,False
vector_thrust,cruise_394,1500.0,101.74999999999847,,,,False
vector_thrust,cruise_395,1500.0,0.0,,,,False
vector_thrust,cruise_395,1500.0,0.0,,,,False
vector_thrust,cruise_395,1500.0,0.0,,,,False
vector_thrust,cruise_395,1500.0,0.0,,,,False
vector_thrust,cruise_395,1500.0,0.0,,,,False
vector_thrust,cruise_395,1500.0,0.0,,,,False
vector_thrust,cruise_395,1500.0,0.0,,,,False
vector_thrust,cruise_395,1500.0,0.0,,,,False
vector_thrust,cruise_396,1500.0,101.74999999999847,,,,False
vector_thrust,cruise_396,1500.0,101.74999999999847,,,,False
vector_thrust,cruise_396,1500.0,101.74999999999847,,,,False
vector_thrust,cruise_396,1500.0,101.74999999999847,,,,False
vector_thrust,cruise_396,1500.0,101.74999999999847,,,,False
vector_thrust,cruise_396,1500.0,101.74999999999847,,,,False
vector_thrust,cruise_396,1500.0,101.74999999999847,,,,False
vector_thrust,cruise_396,1500.0,101.74999999999847,,,,False
vector_thrust,cruise_397,1500.0,0.0,,,,False
vector_thrust,cruise_397,1500.0,0.0,,,,False
vector_thrust,cruise_397,1500.0,0.0,,,,False
vector_thrust,cruise_397,1500.0,0.0,,,,False
vector_thrust,cruise_397,1500.0,0.0,,,,False
vector_thrust,cruise_397,1500.0,0.0,,,,False
vector_thrust,cruise_397,1500.0,0.0,,,,False
vector_thrust,cruise_397,1500.0,0.0,,,,False
vector_thrust,cruise_398,1500.0,101.74999999999847,,,,False
vector_thrust,cruise_398,1500.0,101.74999999999847,,,,False
vector_thrust,cruise_398,1500.0,101.74999999999847,,,,False
vector_thrust,cruise_398,1500.0,101.74999999999847,,,,False
vector_thrust,cruise_398,1500.0,101.74999999999847,,,,False
vector_thrust,cruise_398,1500.0,101.74999999999847,,,,False
vector_thrust,cruise_398,1500.0,101.74999999999847,,,,False
vector_thrust,cruise_398,1500.0,101.74999999999847,,,,False
vector_thrust,cruise_399,1500.0,0.0,,,,False
vector_thrust,cruise_399,1500.0,0.0,,,,False
vector_thrust,cruise_399,1500.0,0.0,,,,False
vector_thrust,cruise_399,1500.0,0.0,,,,False
vector_thrust,cruise_399,1500.0,0.0,,,,False
vector_thrust,cruise_399,1500.0,0.0,,,,False
vector_thrust,cruise_399,1500.0,0.0,,,,False
vector_thrust,cruise_399,1500.0,0.0,,,,False
vector_thrust,cruise_400,1500.0,101.74999999999847,,,,False
vector_thrust,cruise_400,1500.0,101.74999999999847,,,,False
vector_thrust,cruise_400,1500.0,101.74999999999847,,,,False
vector_thrust,cruise_400,1500.0,101.74999999999847,,,,False
vector_thrust,cruise_400,1500.0,101.74999999999847,,,,False
vector_thrust,cruise_400,1500.0,101.74999999999847,,,,False
vector_thrust,cruise_400,1500.0,101.74999999999847,,,,False
vector_thrust,cruise_400,1500.0,101.74999999999847,,,,False
vector_thrust,cruise_401,1500.0,0.0,,,,False
vector_thrust,cruise_401,1500.0,0.0,,,,False
vector_thrust,cruise_401,1500.0,0.0,,,,False
vector_thrust,cruise_401,1500.0,0.0,,,,False
vector_thrust,cruise_401,1500.0,0.0,,,,False
vector_thrust,cruise_401,1500.0,0.0,,,,False
vector_thrust,cruise_401,1500.0,0.0,,,,False
vector_thrust,cruise_401,1500.0,0.0,,,,False
vector_thrust,cruise_402,1500.0,101.74999999999847,,,,False
vector_thrust,cruise_402,1500.0,101.74999999999847,,,,False
vector_thrust,cruise_402,1500.0,101.74999999999847,,,,False
vector_thrust,cruise_402,1500.0,101.74999999999847,,,,False
vector_thrust,cruise_402,1500.0,101.74999999999847,,,,False
vector_thrust,cruise_402,1500.0,101.74999999999847,,,,False
vector_thrust,cruise_402,1500.0,101.74999999999847,,,,False
vector_thrust,cruise_402,1500.0,101.74999999999847,,,,False
vector_thrust,cruise_403,1500.0,0.0,,,,False
vector_thrust,cruise_403,1500.0,0.0,,,,False
vector_thrust,cruise_403,1500.0,0.0,,,,False
vector_thrust,cruise_403,1500.0,0.0,,,,False
vector_thrust,cruise_403,1500.0,0.0,,,,False
vector_thrust,cruise_403,1500.0,0.0,,,,False
vector_thrust,cruise_403,1500.0,0.0,,,,False
vector_thrust,cruise_403,1500.0,0.0,,,,False
vector_thrust,cruise_404,1500.0,101.74999999999847,,,,False
vector_thrust,cruise_404,1500.0,101.74999999999847,,,,False
vector_thrust,cruise_404,1500.0,101.74999999999847,,,,False
vector_thrust,cruise_404,1500.0,101.74999999999847,,,,False
vector_thrust,cruise_404,1500.0,101.74999999999847,,,,False
vector_thrust,cruise_404,1500.0,101.74999999999847,,,,False
vector_thrust,cruise_404,1500.0,101.74999999999847,,,,False
vector_thrust,cruise_404,1500.0,101.74999999999847,,,,False
vector_thrust,cruise_405,1500.0,0.0,,,,False
vector_thrust,cruise_405,1500.0,0.0,,,,False
vector_thrust,cruise_405,1500.0,0.0,,,,False
vector_thrust,cruise_405,1500.0,0.0,,,,False
vector_thrust,cruise_405,1500.0,0.0,,,,False
vector_thrust,cruise_405,1500.0,0.0,,,,False
vector_thrust,cruise_405,1500.0,0.0,,,,False
vector_thrust,cruise_405,1500.0,0.0,,,,False
vector_thrust,cruise_406,1500.0,101.74999999999847,,,,False
vector_thrust,cruise_406,1500.0,101.74999999999847,,,,False
vector_thrust,cruise_406,1500.0,101.74999999999847,,,,False
vector_thrust,cruise_406,1500.0,101.74999999999847,,,,False
vector_thrust,cruise_406,1500.0,101.74999999999847,,,,False
vector_thrust,cruise_406,1500.0,101.74999999999847,,,,False
vector_thrust,cruise_406,1500.0,101.74999999999847,,,,False
vector_thrust,cruise_406,1500.0,101.74999999999847,,,,False
vector_thrust,cruise_407,1500.0,0.0,,,,False
vector_thrust,cruise_407,1500.0,0.0,,,,False
vector_thrust,cruise_407,1500.0,0.0,,,,False
vector_thrust,cruise_407,1500.0,0.0,,,,False
vector_thrust,cruise_407,1500.0,0.0,,,,False
vector_thrust,cruise_407,1500.0,0.0,,,,False
vector_thrust,cruise_407,1500.0,0.0,,,,False
vector_thrust,cruise_407,1500.0,0.0,,,,False
vector_thrust,cruise_408,1500.0,101.74999999999847,,,,False
vector_thrust,cruise_408,1500.0,101.74999999999847,,,,False
vector_thrust,cruise_408,1500.0,101.74999999999847,,,,False
vector_thrust,cruise_408,1500.0,101.74999999999847,,,,False
vector_thrust,cruise_408,1500.0,101.74999999999847,,,,False
vector_thrust,cruise_408,1500.0,101.74999999999847,,,,False
vector_thrust,cruise_408,1500.0,101.74999999999847,,,,False
vector_thrust,cruise_408,1500.0,101.74999999999847,,,,False
vector_thrust,cruise_409,1500.0,0.0,,,,False
vector_thrust,cruise_409,1500.0,0.0,,,,False
vector_thrust,cruise_409,1500.0,0.0,,,,False
vector_thrust,cruise_409,1500.0,0.0,,,,False
vector_thrust,cruise_409,1500.0,0.0,,,,False
vector_thrust,cruise_409,1500.0,0.0,,,,False
vector_thrust,cruise_409,1500.0,0.0,,,,False
vector_thrust,cruise_409,1500.0,0.0,,,,False
vector_thrust,cruise_410,1500.0,101.74999999999847,,,,False
vector_thrust,cruise_410,1500.0,101.74999999999847,,,,False
vector_thrust,cruise_410,1500.0,101.74999999999847,,,,False
vector_thrust,cruise_410,1500.0,101.74999999999847,,,,False
vector_thrust,cruise_410,1500.0,101.74999999999847,,,,False
vector_thrust,cruise_410,1500.0,101.74999999999847,,,,False
vector_thrust,cruise_410,1500.0,101.74999999999847,,,,False
vector_thrust,cruise_410,1500.0,101.74999999999847,,,,False
vector_thrust,cruise_411,1500.0,0.0,,,,False
vector_thrust,cruise_411,1500.0,0.0,,,,False
vector_thrust,cruise_411,1500.0,0.0,,,,False
vector_thrust,cruise_411,1500.0,0.0,,,,False
vector_thrust,cruise_411,1500.0,0.0,,,,False
vector_thrust,cruise_411,1500.0,0.0,,,,False
vector_thrust,cruise_411,1500.0,0.0,,,,False
vector_thrust,cruise_411,1500.0,0.0,,,,False
vector_thrust,cruise_412,1500.0,101.74999999999847,,,,False
vector_thrust,cruise_412,1500.0,101.74999999999847,,,,False
vector_thrust,cruise_412,1500.0,101.74999999999847,,,,False
vector_thrust,cruise_412,1500.0,101.74999999999847,,,,False
vector_thrust,cruise_412,1500.0,101.74999999999847,,,,False
vector_thrust,cruise_412,1500.0,101.74999999999847,,,,False
vector_thrust,cruise_412,1500.0,101.74999999999847,,,,False
vector_thrust,cruise_412,1500.0,101.74999999999847,,,,False
vector_thrust,cruise_413,1500.0,0.0,,,,False
vector_thrust,cruise_413,1500.0,0.0,,,,False
vector_thrust,cruise_413,1500.0,0.0,,,,False
vector_thrust,cruise_413,1500.0,0.0,,,,False
vector_thrust,cruise_413,1500.0,0.0,,,,False
vector_thrust,cruise_413,1500.0,0.0,,,,False
vector_thrust,cruise_413,1500.0,0.0,,,,False
vector_thrust,cruise_413,1500.0,0.0,,,,False
vector_thrust,cruise_414,1500.0,101.74999999999847,,,,False
vector_thrust,cruise_414,1500.0,101.74999999999847,,,,False
vector_thrust,cruise_414,1500.0,101.74999999999847,,,,False
vector_thrust,cruise_414,1500.0,101.74999999999847,,,,False
vector_thrust,cruise_414,1500.0,101.74999999999847,,,,False
vector_thrust,cruise_414,1500.0,101.74999999999847,,,,False
vector_thrust,cruise_414,1500.0,101.74999999999847,,,,False
vector_thrust,cruise_414,1500.0,101.74999999999847,,,,False
vector_thrust,cruise_415,1500.0,0.0,,,,False
vector_thrust,cruise_415,1500.0,0.0,,,,False
vector_thrust,cruise_415,1500.0,0.0,,,,False
vector_thrust,cruise_415,1500.0,0.0,,,,False
vector_thrust,cruise_415,1500.0,0.0,,,,False
vector_thrust,cruise_415,1500.0,0.0,,,,False
vector_thrust,cruise_415,1500.0,0.0,,,,False
vector_thrust,cruise_415,1500.0,0.0,,,,False
vector_thrust,cruise_416,1500.0,101.74999999999847,,,,False
vector_thrust,cruise_416,1500.0,101.74999999999847,,,,False
vector_thrust,cruise_416,1500.0,101.74999999999847,,,,False
vector_thrust,cruise_416,1500.0,101.74999999999847,,,,False
vector_thrust,cruise_416,1500.0,101.74999999999847,,,,False
vector_thrust,cruise_416,1500.0,101.74999999999847,,,,False
vector_thrust,cruise_416,1500.0,101.74999999999847,,,,False
vector_thrust,cruise_416,1500.0,101.74999999999847,,,,False
vector_thrust,cruise_417,1500.0,0.0,,,,False
vector_thrust,cruise_417,1500.0,0.0,,,,False
vector_thrust,cruise_417,1500.0,0.0,,,,False
vector_thrust,cruise_417,1500.0,0.0,,,,False
vector_thrust,cruise_417,1500.0,0.0,,,,False
vector_thrust,cruise_417,1500.0,0.0,,,,False
vector_thrust,cruise_417,1500.0,0.0,,,,False
vector_thrust,cruise_417,1500.0,0.0,,,,False
vector_thrust,cruise_418,1500.0,101.74999999999847,,,,False
vector_thrust,cruise_418,1500.0,101.74999999999847,,,,False
vector_thrust,cruise_418,1500.0,101.74999999999847,,,,False
vector_thrust,cruise_418,1500.0,101.74999999999847,,,,False
vector_thrust,cruise_418,1500.0,101.74999999999847,,,,False
vector_thrust,cruise_418,1500.0,101.74999999999847,,,,False
vector_thrust,cruise_418,1500.0,101.74999999999847,,,,False
vector_thrust,cruise_418,1500.0,101.74999999999847,,,,False
vector_thrust,cruise_419,1500.0,0.0,,,,False
vector_thrust,cruise_419,1500.0,0.0,,,,False
vector_thrust,cruise_419,1500.0,0.0,,,,False
vector_thrust,cruise_419,1500.0,0.0,,,,False
vector_thrust,cruise_419,1500.0,0.0,,,,False
vector_thrust,cruise_419,1500.0,0.0,,,,False
vector_thrust,cruise_419,1500.0,0.0,,,,False
vector_thrust,cruise_419,1500.0,0.0,,,,False
vector_thrust,cruise_420,1500.0,101.74999999999847,,,,False
vector_thrust,cruise_420,1500.0,101.74999999999847,,,,False
vector_thrust,cruise_420,1500.0,101.74999999999847,,,,False
vector_thrust,cruise_420,1500.0,101.74999999999847,,,,False
vector_thrust,cruise_420,1500.0,101.74999999999847,,,,False
vector_thrust,cruise_420,1500.0,101.74999999999847,,,,False
vector_thrust,cruise_420,1500.0,101.74999999999847,,,,False
vector_thrust,cruise_420,1500.0,101.74999999999847,,,,False
vector_thrust,cruise_421,1500.0,0.0,,,,False
vector_thrust,cruise_421,1500.0,0.0,,,,False
vector_thrust,cruise_421,1500.0,0.0,,,,False
vector_thrust,cruise_421,1500.0,0.0,,,,False
vector_thrust,cruise_421,1500.0,0.0,,,,False
vector_thrust,cruise_421,1500.0,0.0,,,,False
vector_thrust,cruise_421,1500.0,0.0,,,,False
vector_thrust,cruise_421,1500.0,0.0,,,,False
vector_thrust,cruise_422,1500.0,101.74999999999847,,,,False
vector_thrust,cruise_422,1500.0,101.74999999999847,,,,False
vector_thrust,cruise_422,1500.0,101.74999999999847,,,,False
vector_thrust,cruise_422,1500.0,101.74999999999847,,,,False
vector_thrust,cruise_422,1500.0,101.74999999999847,,,,False
vector_thrust,cruise_422,1500.0,101.74999999999847,,,,False
vector_thrust,cruise_422,1500.0,101.74999999999847,,,,False
vector_thrust,cruise_422,1500.0,101.74999999999847,,,,False
vector_thrust,cruise_423,1500.0,0.0,,,,False
vector_thrust,cruise_423,1500.0,0.0,,,,False
vector_thrust,cruise_423,1500.0,0.0,,,,False
vector_thrust,cruise_423,1500.0,0.0,,,,False
vector_thrust,cruise_423,1500.0,0.0,,,,False
vector_thrust,cruise_423,1500.0,0.0,,,,False
vector_thrust,cruise_423,1500.0,0.0,,,,False
vector_thrust,cruise_423,1500.0,0.0,,,,False
vector_thrust,cruise_424,1500.0,101.74999999999847,,,,False
vector_thrust,cruise_424,1500.0,101.74999999999847,,,,False
vector_thrust,cruise_424,1500.0,101.74999999999847,,,,False
vector_thrust,cruise_424,1500.0,101.74999999999847,,,,False
vector_thrust,cruise_424,1500.0,101.74999999999847,,,,False
vector_thrust,cruise_424,1500.0,101.74999999999847,,,,False
vector_thrust,cruise_424,1500.0,101.74999999999847,,,,False
vector_thrust,cruise_424,1500.0,101.74999999999847,,,,False
vector_thrust,cruise_425,1500.0,0.0,,,,False
vector_thrust,cruise_425,1500.0,0.0,,,,False
vector_thrust,cruise_425,1500.0,0.0,,,,False
vector_thrust,cruise_425,1500.0,0.0,,,,False
vector_thrust,cruise_425,1500.0,0.0,,,,False
vector_thrust,cruise_425,1500.0,0.0,,,,False
vector_thrust,cruise_425,1500.0,0.0,,,,False
vector_thrust,cruise_425,1500.0,0.0,,,,False
vector_thrust,cruise_426,1500.0,101.74999999999847,,,,False
vector_thrust,cruise_426,1500.0,101.74999999999847,,,,False
vector_thrust,cruise_426,1500.0,101.74999999999847,,,,False
vector_thrust,cruise_426,1500.0,101.74999999999847,,,,False
vector_thrust,cruise_426,1500.0,101.74999999999847,,,,False
vector_thrust,cruise_426,1500.0,101.74999999999847,,,,False
vector_thrust,cruise_426,1500.0,101.74999999999847,,,,False
vector_thrust,cruise_426,1500.0,101.74999999999847,,,,False
vector_thrust,cruise_427,1500.0,0.0,,,,False
vector_thrust,cruise_427,1500.0,0.0,,,,False
vector_thrust,cruise_427,1500.0,0.0,,,,False
vector_thrust,cruise_427,1500.0,0.0,,,,False
vector_thrust,cruise_427,1500.0,0.0,,,,False
vector_thrust,cruise_427,1500.0,0.0,,,,False
vector_thrust,cruise_427,1500.0,0.0,,,,False
vector_thrust,cruise_427,1500.0,0.0,,,,False
vector_thrust,cruise_428,1500.0,101.74999999999847,,,,False
vector_thrust,cruise_428,1500.0,101.74999999999847,,,,False
vector_thrust,cruise_428,1500.0,101.74999999999847,,,,False
vector_thrust,cruise_428,1500.0,101.74999999999847,,,,False
vector_thrust,cruise_428,1500.0,101.74999999999847,,,,False
vector_thrust,cruise_428,1500.0,101.74999999999847,,,,False
vector_thrust,cruise_428,1500.0,101.74999999999847,,,,False
vector_thrust,cruise_428,1500.0,101.74999999999847,,,,False
vector_thrust,cruise_429,1500.0,0.0,,,,False
vector_thrust,cruise_429,1500.0,0.0,,,,False
vector_thrust,cruise_429,1500.0,0.0,,,,False
vector_thrust,cruise_429,1500.0,0.0,,,,False
vector_thrust,cruise_429,1500.0,0.0,,,,False
vector_thrust,cruise_429,1500.0,0.0,,,,False
vector_thrust,cruise_429,1500.0,0.0,,,,False
vector_thrust,cruise_429,1500.0,0.0,,,,False
vector_thrust,cruise_430,1500.0,101.74999999999847,,,,False
vector_thrust,cruise_430,1500.0,101.74999999999847,,,,False
vector_thrust,cruise_430,1500.0,101.74999999999847,,,,False
vector_thrust,cruise_430,1500.0,101.74999999999847,,,,False
vector_thrust,cruise_430,1500.0,101.74999999999847,,,,False
vector_thrust,cruise_430,1500.0,101.74999999999847,,,,False
vector_thrust,cruise_430,1500.0,101.74999999999847,,,,False
vector_thrust,cruise_430,1500.0,101.74999999999847,,,,False
vector_thrust,cruise_431,1500.0,0.0,,,,False
vector_thrust,cruise_431,1500.0,0.0,,,,False
vector_thrust,cruise_431,1500.0,0.0,,,,False
vector_thrust,cruise_431,1500.0,0.0,,,,False
vector_thrust,cruise_431,1500.0,0.0,,,,False
vector_thrust,cruise_431,1500.0,0.0,,,,False
vector_thrust,cruise_431,1500.0,0.0,,,,False
vector_thrust,cruise_431,1500.0,0.0,,,,False
vector_thrust,cruise_432,1500.0,101.74999999999847,,,,False
vector_thrust,cruise_432,1500.0,101.74999999999847,,,,False
vector_thrust,cruise_432,1500.0,101.74999999999847,,,,False
vector_thrust,cruise_432,1500.0,101.74999999999847,,,,False
vector_thrust,cruise_432,1500.0,101.74999999999847,,,,False
vector_thrust,cruise_432,1500.0,101.74999999999847,,,,False
vector_thrust,cruise_432,1500.0,101.74999999999847,,,,False
vector_thrust,cruise_432,1500.0,101.74999999999847,,,,False
vector_thrust,cruise_433,1500.0,0.0,,,,False
vector_thrust,cruise_433,1500.0,0.0,,,,False
vector_thrust,cruise_433,1500.0,0.0,,,,False
vector_thrust,cruise_433,1500.0,0.0,,,,False
vector_thrust,cruise_433,1500.0,0.0,,,,False
vector_thrust,cruise_433,1500.0,0.0,,,,False
vector_thrust,cruise_433,1500.0,0.0,,,,False
vector_thrust,cruise_433,1500.0,0.0,,,,False
vector_thrust,cruise_434,1500.0,101.74999999999847,,,,False
vector_thrust,cruise_434,1500.0,101.74999999999847,,,,False
vector_thrust,cruise_434,1500.0,101.74999999999847,,,,False
vector_thrust,cruise_434,1500.0,101.74999999999847,,,,False
vector_thrust,cruise_434,1500.0,101.74999999999847,,,,False
vector_thrust,cruise_434,1500.0,101.74999999999847,,,,False
vector_thrust,cruise_434,1500.0,101.74999999999847,,,,False
vector_thrust,cruise_434,1500.0,101.74999999999847,,,,False
vector_thrust,cruise_435,1500.0,0.0,,,,False
vector_thrust,cruise_435,1500.0,0.0,,,,False
vector_thrust,cruise_435,1500.0,0.0,,,,False
vector_thrust,cruise_435,1500.0,0.0,,,,False
vector_thrust,cruise_435,1500.0,0.0,,,,False
vector_thrust,cruise_435,1500.0,0.0,,,,False
vector_thrust,cruise_435,1500.0,0.0,,,,False
vector_thrust,cruise_435,1500.0,0.0,,,,False
vector_thrust,cruise_436,1500.0,101.74999999999847,,,,False
vector_thrust,cruise_436,1500.0,101.74999999999847,,,,False
vector_thrust,cruise_436,1500.0,101.74999999999847,,,,False
vector_thrust,cruise_436,1500.0,101.74999999999847,,,,False
vector_thrust,cruise_436,1500.0,101.74999999999847,,,,False
vector_thrust,cruise_436,1500.0,101.74999999999847,,,,False
vector_thrust,cruise_436,1500.0,101.74999999999847,,,,False
vector_thrust,cruise_436,1500.0,101.74999999999847,,,,False
vector_thrust,cruise_437,1500.0,0.0,,,,False
vector_thrust,cruise_437,1500.0,0.0,,,,False
vector_thrust,cruise_437,1500.0,0.0,,,,False
vector_thrust,cruise_437,1500.0,0.0,,,,False
vector_thrust,cruise_437,1500.0,0.0,,,,False
vector_thrust,cruise_437,1500.0,0.0,,,,False
vector_thrust,cruise_437,1500.0,0.0,,,,False
vector_thrust,cruise_437,1500.0,0.0,,,,False
vector_thrust,cruise_438,1500.0,101.74999999999847,,,,False
vector_thrust,cruise_438,1500.0,101.74999999999847,,,,False
vector_thrust,cruise_438,1500.0,101.74999999999847,,,,False
vector_thrust,cruise_438,1500.0,101.74999999999847,,,,False
vector_thrust,cruise_438,1500.0,101.74999999999847,,,,False
vector_thrust,cruise_438,1500.0,101.74999999999847,,,,False
vector_thrust,cruise_438,1500.0,101.74999999999847,,,,False
vector_thrust,cruise_438,1500.0,101.74999999999847,,,,False
vector_thrust,cruise_439,1500.0,0.0,,,,False
vector_thrust,cruise_439,1500.0,0.0,,,,False
vector_thrust,cruise_439,1500.0,0.0,,,,False
vector_thrust,cruise_439,1500.0,0.0,,,,False
vector_thrust,cruise_439,1500.0,0.0,,,,False
vector_thrust,cruise_439,1500.0,0.0,,,,False
vector_thrust,cruise_439,1500.0,0.0,,,,False
vector_thrust,cruise_439,1500.0,0.0,,,,False
vector_thrust,cruise_440,1500.0,101.74999999999847,,,,False
vector_thrust,cruise_440,1500.0,101.74999999999847,,,,False
vector_thrust,cruise_440,1500.0,101.74999999999847,,,,False
vector_thrust,cruise_440,1500.0,101.74999999999847,,,,False
vector_thrust,cruise_440,1500.0,101.74999999999847,,,,False
vector_thrust,cruise_440,1500.0,101.74999999999847,,,,False
vector_thrust,cruise_440,1500.0,101.74999999999847,,,,False
vector_thrust,cruise_440,1500.0,101.74999999999847,,,,False
vector_thrust,cruise_441,1500.0,0.0,,,,False
vector_thrust,cruise_441,1500.0,0.0,,,,False
vector_thrust,cruise_441,1500.0,0.0,,,,False
vector_thrust,cruise_441,1500.0,0.0,,,,False
vector_thrust,cruise_441,1500.0,0.0,,,,False
vector_thrust,cruise_441,1500.0,0.0,,,,False
vector_thrust,cruise_441,1500.0,0.0,,,,False
vector_thrust,cruise_441,1500.0,0.0,,,,False
vector_thrust,cruise_442,1500.0,101.74999999999847,,,,False
vector_thrust,cruise_442,1500.0,101.74999999999847,,,,False
vector_thrust,cruise_442,1500.0,101.74999999999847,,,,False
vector_thrust,cruise_442,1500.0,101.74999999999847,,,,False
vector_thrust,cruise_442,1500.0,101.74999999999847,,,,False
vector_thrust,cruise_442,1500.0,101.74999999999847,,,,False
vector_thrust,cruise_442,1500.0,101.74999999999847,,,,False
vector_thrust,cruise_442,1500.0,101.74999999999847,,,,False
vector_thrust,cruise_443,1500.0,0.0,,,,False
vector_thrust,cruise_443,1500.0,0.0,,,,False
vector_thrust,cruise_443,1500.0,0.0,,,,False
vector_thrust,cruise_443,1500.0,0.0,,,,False
vector_thrust,cruise_443,1500.0,0.0,,,,False
vector_thrust,cruise_443,1500.0,0.0,,,,False
vector_thrust,cruise_443,1500.0,0.0,,,,False
vector_thrust,cruise_443,1500.0,0.0,,,,False
vector_thrust,cruise_444,1500.0,101.74999999999847,,,,False
vector_thrust,cruise_444,1500.0,101.74999999999847,,,,False
vector_thrust,cruise_444,1500.0,101.74999999999847,,,,False
vector_thrust,cruise_444,1500.0,101.74999999999847,,,,False
vector_thrust,cruise_444,1500.0,101.74999999999847,,,,False
vector_thrust,cruise_444,1500.0,101.74999999999847,,,,False
vector_thrust,cruise_444,1500.0,101.74999999999847,,,,False
vector_thrust,cruise_444,1500.0,101.74999999999847,,,,False
vector_thrust,cruise_445,1500.0,0.0,,,,False
vector_thrust,cruise_445,1500.0,0.0,,,,False
vector_thrust,cruise_445,1500.0,0.0,,,,False
vector_thrust,cruise_445,1500.0,0.0,,,,False
vector_thrust,cruise_445,1500.0,0.0,,,,False
vector_thrust,cruise_445,1500.0,0.0,,,,False
vector_thrust,cruise_445,1500.0,0.0,,,,False
vector_thrust,cruise_445,1500.0,0.0,,,,False
vector_thrust,cruise_446,1500.0,101.74999999999847,,,,False
vector_thrust,cruise_446,1500.0,101.74999999999847,,,,False
vector_thrust,cruise_446,1500.0,101.74999999999847,,,,False
vector_thrust,cruise_446,1500.0,101.74999999999847,,,,False
vector_thrust,cruise_446,1500.0,101.74999999999847,,,,False
vector_thrust,cruise_446,1500.0,101.74999999999847,,,,False
vector_thrust,cruise_446,1500.0,101.74999999999847,,,,False
vector_thrust,cruise_446,1500.0,101.74999999999847,,,,False
vector_thrust,cruise_447,1500.0,0.0,,,,False
vector_thrust,cruise_447,1500.0,0.0,,,,False
vector_thrust,cruise_447,1500.0,0.0,,,,False
vector_thrust,cruise_447,1500.0,0.0,,,,False
vector_thrust,cruise_447,1500.0,0.0,,,,False
vector_thrust,cruise_447,1500.0,0.0,,,,False
vector_thrust,cruise_447,1500.0,0.0,,,,False
vector_thrust,cruise_447,1500.0,0.0,,,,False
vector_thrust,cruise_448,1500.0,101.74999999999847,,,,False
vector_thrust,cruise_448,1500.0,101.74999999999847,,,,False
vector_thrust,cruise_448,1500.0,101.74999999999847,,,,False
vector_thrust,cruise_448,1500.0,101.74999999999847,,,,False
vector_thrust,cruise_448,1500.0,101.74999999999847,,,,False
vector_thrust,cruise_448,1500.0,101.74999999999847,,,,False
vector_thrust,cruise_448,1500.0,101.74999999999847,,,,False
vector_thrust,cruise_448,1500.0,101.74999999999847,,,,False
vector_thrust,cruise_449,1500.0,0.0,,,,False
vector_thrust,cruise_449,1500.0,0.0,,,,False
vector_thrust,cruise_449,1500.0,0.0,,,,False
vector_thrust,cruise_449,1500.0,0.0,,,,False
vector_thrust,cruise_449,1500.0,0.0,,,,False
vector_thrust,cruise_449,1500.0,0.0,,,,False
vector_thrust,cruise_449,1500.0,0.0,,,,False
vector_thrust,cruise_449,1500.0,0.0,,,,False
vector_thrust,cruise_450,1500.0,101.74999999999847,,,,False
vector_thrust,cruise_450,1500.0,101.74999999999847,,,,False
vector_thrust,cruise_450,1500.0,101.74999999999847,,,,False
vector_thrust,cruise_450,1500.0,101.74999999999847,,,,False
vector_thrust,cruise_450,1500.0,101.74999999999847,,,,False
vector_thrust,cruise_450,1500.0,101.74999999999847,,,,False
vector_thrust,cruise_450,1500.0,101.74999999999847,,,,False
vector_thrust,cruise_450,1500.0,101.74999999999847,,,,False
vector_thrust,cruise_451,1500.0,0.0,,,,False
vector_thrust,cruise_451,1500.0,0.0,,,,False
vector_thrust,cruise_451,1500.0,0.0,,,,False
vector_thrust,cruise_451,1500.0,0.0,,,,False
vector_thrust,cruise_451,1500.0,0.0,,,,False
vector_thrust,cruise_451,1500.0,0.0,,,,False
vector_thrust,cruise_451,1500.0,0.0,,,,False
vector_thrust,cruise_451,1500.0,0.0,,,,False
vector_thrust,cruise_452,1500.0,101.74999999999847,,,,False
vector_thrust,cruise_452,1500.0,101.74999999999847,,,,False
vector_thrust,cruise_452,1500.0,101.74999999999847,,,,False
vector_thrust,cruise_452,1500.0,101.74999999999847,,,,False
vector_thrust,cruise_452,1500.0,101.74999999999847,,,,False
vector_thrust,cruise_452,1500.0,101.74999999999847,,,,False
vector_thrust,cruise_452,1500.0,101.74999999999847,,,,False
vector_thrust,cruise_452,1500.0,101.74999999999847,,,,False
vector_thrust,cruise_453,1500.0,0.0,,,,False
vector_thrust,cruise_453,1500.0,0.0,,,,False
vector_thrust,cruise_453,1500.0,0.0,,,,False
vector_thrust,cruise_453,1500.0,0.0,,,,False
vector_thrust,cruise_453,1500.0,0.0,,,,False
vector_thrust,cruise_453,1500.0,0.0,,,,False
vector_thrust,cruise_453,1500.0,0.0,,,,False
vector_thrust,cruise_453,1500.0,0.0,,,,False
vector_thrust,cruise_454,1500.0,101.74999999999847,,,,False
vector_thrust,cruise_454,1500.0,101.74999999999847,,,,False
vector_thrust,cruise_454,1500.0,101.74999999999847,,,,False
vector_thrust,cruise_454,1500.0,101.74999999999847,,,,False
vector_thrust,cruise_454,1500.0,101.74999999999847,,,,False
vector_thrust,cruise_454,1500.0,101.74999999999847,,,,False
vector_thrust,cruise_454,1500.0,101.74999999999847,,,,False
vector_thrust,cruise_454,1500.0,101.74999999999847,,,,False
vector_thrust,cruise_455,1500.0,0.0,,,,False
vector_thrust,cruise_455,1500.0,0.0,,,,False
vector_thrust,cruise_455,1500.0,0.0,,,,False
vector_thrust,cruise_455,1500.0,0.0,,,,False
vector_thrust,cruise_455,1500.0,0.0,,,,False
vector_thrust,cruise_455,1500.0,0.0,,,,False
vector_thrust,cruise_455,1500.0,0.0,,,,False
vector_thrust,cruise_455,1500.0,0.0,,,,False
vector_thrust,cruise_456,1500.0,101.74999999999847,,,,False
vector_thrust,cruise_456,1500.0,101.74999999999847,,,,False
vector_thrust,cruise_456,1500.0,101.74999999999847,,,,False
vector_thrust,cruise_456,1500.0,101.74999999999847,,,,False
vector_thrust,cruise_456,1500.0,101.74999999999847,,,,False
vector_thrust,cruise_456,1500.0,101.74999999999847,,,,False
vector_thrust,cruise_456,1500.0,101.74999999999847,,,,False
vector_thrust,cruise_456,1500.0,101.74999999999847,,,,False
vector_thrust,cruise_457,1500.0,0.0,,,,False
vector_thrust,cruise_457,1500.0,0.0,,,,False
vector_thrust,cruise_457,1500.0,0.0,,,,False
vector_thrust,cruise_457,1500.0,0.0,,,,False
vector_thrust,cruise_457,1500.0,0.0,,,,False
vector_thrust,cruise_457,1500.0,0.0,,,,False
vector_thrust,cruise_457,1500.0,0.0,,,,False
vector_thrust,cruise_457,1500.0,0.0,,,,False
vector_thrust,cruise_458,1500.0,101.74999999999847,,,,False
vector_thrust,cruise_458,1500.0,101.74999999999847,,,,False
vector_thrust,cruise_458,1500.0,101.74999999999847,,,,False
vector_thrust,cruise_458,1500.0,101.74999999999847,,,,False
vector_thrust,cruise_458,1500.0,101.74999999999847,,,,False
vector_thrust,cruise_458,1500.0,101.74999999999847,,,,False
vector_thrust,cruise_458,1500.0,101.74999999999847,,,,False
vector_thrust,cruise_458,1500.0,101.74999999999847,,,,False
vector_thrust,cruise_459,1500.0,0.0,,,,False
vector_thrust,cruise_459,1500.0,0.0,,,,False
vector_thrust,cruise_459,1500.0,0.0,,,,False
vector_thrust,cruise_459,1500.0,0.0,,,,False
vector_thrust,cruise_459,1500.0,0.0,,,,False
vector_thrust,cruise_459,1500.0,0.0,,,,False
vector_thrust,cruise_459,1500.0,0.0,,,,False
vector_thrust,cruise_459,1500.0,0.0,,,,False
vector_thrust,cruise_460,1500.0,101.74999999999847,,,,False
vector_thrust,cruise_460,1500.0,101.74999999999847,,,,False
vector_thrust,cruise_460,1500.0,101.74999999999847,,,,False
vector_thrust,cruise_460,1500.0,101.74999999999847,,,,False
vector_thrust,cruise_460,1500.0,101.74999999999847,,,,False
vector_thrust,cruise_460,1500.0,101.74999999999847,,,,False
vector_thrust,cruise_460,1500.0,101.74999999999847,,,,False
vector_thrust,cruise_460,1500.0,101.74999999999847,,,,False
vector_thrust,cruise_461,1500.0,0.0,,,,False
vector_thrust,cruise_461,1500.0,0.0,,,,False
vector_thrust,cruise_461,1500.0,0.0,,,,False
vector_thrust,cruise_461,1500.0,0.0,,,,False
vector_thrust,cruise_461,1500.0,0.0,,,,False
vector_thrust,cruise_461,1500.0,0.0,,,,False
vector_thrust,cruise_461,1500.0,0.0,,,,False
vector_thrust,cruise_461,1500.0,0.0,,,,False
vector_thrust,cruise_462,1500.0,101.74999999999847,,,,False
vector_thrust,cruise_462,1500.0,101.74999999999847,,,,False
vector_thrust,cruise_462,1500.0,101.74999999999847,,,,False
vector_thrust,cruise_462,1500.0,101.74999999999847,,,,False
vector_thrust,cruise_462,1500.0,101.74999999999847,,,,False
vector_thrust,cruise_462,1500.0,101.74999999999847,,,,False
vector_thrust,cruise_462,1500.0,101.74999999999847,,,,False
vector_thrust,cruise_462,1500.0,101.74999999999847,,,,False
vector_thrust,cruise_463,1500.0,0.0,,,,False
vector_thrust,cruise_463,1500.0,0.0,,,,False
vector_thrust,cruise_463,1500.0,0.0,,,,False
vector_thrust,cruise_463,1500.0,0.0,,,,False
vector_thrust,cruise_463,1500.0,0.0,,,,False
vector_thrust,cruise_463,1500.0,0.0,,,,False
vector_thrust,cruise_463,1500.0,0.0,,,,False
vector_thrust,cruise_463,1500.0,0.0,,,,False
vector_thrust,cruise_464,1500.0,101.74999999999847,,,,False
vector_thrust,cruise_464,1500.0,101.74999999999847,,,,False
vector_thrust,cruise_464,1500.0,101.74999999999847,,,,False
vector_thrust,cruise_464,1500.0,101.74999999999847,,,,False
vector_thrust,cruise_464,1500.0,101.74999999999847,,,,False
vector_thrust,cruise_464,1500.0,101.74999999999847,,,,False
vector_thrust,cruise_464,1500.0,101.74999999999847,,,,False
vector_thrust,cruise_464,1500.0,101.74999999999847,,,,False
vector_thrust,cruise_465,1500.0,0.0,,,,False
vector_thrust,cruise_465,1500.0,0.0,,,,False
vector_thrust,cruise_465,1500.0,0.0,,,,False
vector_thrust,cruise_465,1500.0,0.0,,,,False
vector_thrust,cruise_465,1500.0,0.0,,,,False
vector_thrust,cruise_465,1500.0,0.0,,,,False
vector_thrust,cruise_465,1500.0,0.0,,,,False
vector_thrust,cruise_465,1500.0,0.0,,,,False
vector_thrust,cruise_466,1500.0,101.74999999999847,,,,False
vector_thrust,cruise_466,1500.0,101.74999999999847,,,,False
vector_thrust,cruise_466,1500.0,101.74999999999847,,,,False
vector_thrust,cruise_466,1500.0,101.74999999999847,,,,False
vector_thrust,cruise_466,1500.0,101.74999999999847,,,,False
vector_thrust,cruise_466,1500.0,101.74999999999847,,,,False
vector_thrust,cruise_466,1500.0,101.74999999999847,,,,False
vector_thrust,cruise_466,1500.0,101.74999999999847,,,,False
vector_thrust,cruise_467,1500.0,0.0,,,,False
vector_thrust,cruise_467,1500.0,0.0,,,,False
vector_thrust,cruise_467,1500.0,0.0,,,,False
vector_thrust,cruise_467,1500.0,0.0,,,,False
vector_thrust,cruise_467,1500.0,0.0,,,,False
vector_thrust,cruise_467,1500.0,0.0,,,,False
vector_thrust,cruise_467,1500.0,0.0,,,,False
vector_thrust,cruise_467,1500.0,0.0,,,,False
vector_thrust,cruise_468,1500.0,101.74999999999847,,,,False
vector_thrust,cruise_468,1500.0,101.74999999999847,,,,False
vector_thrust,cruise_468,1500.0,101.74999999999847,,,,False
vector_thrust,cruise_468,1500.0,101.74999999999847,,,,False
vector_thrust,cruise_468,1500.0,101.74999999999847,,,,False
vector_thrust,cruise_468,1500.0,101.74999999999847,,,,False
vector_thrust,cruise_468,1500.0,101.74999999999847,,,,False
vector_thrust,cruise_468,1500.0,101.74999999999847,,,,False
vector_thrust,cruise_469,1500.0,0.0,,,,False
vector_thrust,cruise_469,1500.0,0.0,,,,False
vector_thrust,cruise_469,1500.0,0.0,,,,False
vector_thrust,cruise_469,1500.0,0.0,,,,False
vector_thrust,cruise_469,1500.0,0.0,,,,False
vector_thrust,cruise_469,1500.0,0.0,,,,False
vector_thrust,cruise_469,1500.0,0.0,,,,False
vector_thrust,cruise_469,1500.0,0.0,,,,False
vector_thrust,cruise_470,1500.0,101.74999999999847,,,,False
vector_thrust,cruise_470,1500.0,101.74999999999847,,,,False
vector_thrust,cruise_470,1500.0,101.74999999999847,,,,False
vector_thrust,cruise_470,1500.0,101.74999999999847,,,,False
vector_thrust,cruise_470,1500.0,101.74999999999847,,,,False
vector_thrust,cruise_470,1500.0,101.74999999999847,,,,False
vector_thrust,cruise_470,1500.0,101.74999999999847,,,,False
vector_thrust,cruise_470,1500.0,101.74999999999847,,,,False
vector_thrust,cruise_471,1500.0,0.0,,,,False
vector_thrust,cruise_471,1500.0,0.0,,,,False
vector_thrust,cruise_471,1500.0,0.0,,,,False
vector_thrust,cruise_471,1500.0,0.0,,,,False
vector_thrust,cruise_471,1500.0,0.0,,,,False
vector_thrust,cruise_471,1500.0,0.0,,,,False
vector_thrust,cruise_471,1500.0,0.0,,,,False
vector_thrust,cruise_471,1500.0,0.0,,,,False
vector_thrust,cruise_472,1500.0,101.74999999999847,,,,False
vector_thrust,cruise_472,1500.0,101.74999999999847,,,,False
vector_thrust,cruise_472,1500.0,101.74999999999847,,,,False
vector_thrust,cruise_472,1500.0,101.74999999999847,,,,False
vector_thrust,cruise_472,1500.0,101.74999999999847,,,,False
vector_thrust,cruise_472,1500.0,101.74999999999847,,,,False
vector_thrust,cruise_472,1500.0,101.74999999999847,,,,False
vector_thrust,cruise_472,1500.0,101.74999999999847,,,,False
vector_thrust,cruise_473,1500.0,0.0,,,,False
vector_thrust,cruise_473,1500.0,0.0,,,,False
vector_thrust,cruise_473,1500.0,0.0,,,,False
vector_thrust,cruise_473,1500.0,0.0,,,,False
vector_thrust,cruise_473,1500.0,0.0,,,,False
vector_thrust,cruise_473,1500.0,0.0,,,,False
vector_thrust,cruise_473,1500.0,0.0,,,,False
vector_thrust,cruise_473,1500.0,0.0,,,,False
vector_thrust,cruise_474,1500.0,101.74999999999847,,,,False
vector_thrust,cruise_474,1500.0,101.74999999999847,,,,False
vector_thrust,cruise_474,1500.0,101.74999999999847,,,,False
vector_thrust,cruise_474,1500.0,101.74999999999847,,,,False
vector_thrust,cruise_474,1500.0,101.74999999999847,,,,False
vector_thrust,cruise_474,1500.0,101.74999999999847,,,,False
vector_thrust,cruise_474,1500.0,101.74999999999847,,,,False
vector_thrust,cruise_474,1500.0,101.74999999999847,,,,False
vector_thrust,cruise_475,1500.0,0.0,,,,False
vector_thrust,cruise_475,1500.0,0.0,,,,False
vector_thrust,cruise_475,1500.0,0.0,,,,False
vector_thrust,cruise_475,1500.0,0.0,,,,False
vector_thrust,cruise_475,1500.0,0.0,,,,False
vector_thrust,cruise_475,1500.0,0.0,,,,False
vector_thrust,cruise_475,1500.0,0.0,,,,False
vector_thrust,cruise_475,1500.0,0.0,,,,False
vector_thrust,cruise_476,1500.0,101.74999999999847,,,,False
vector_thrust,cruise_476,1500.0,101.74999999999847,,,,False
vector_thrust,cruise_476,1500.0,101.74999999999847,,,,False
vector_thrust,cruise_476,1500.0,101.74999999999847,,,,False
vector_thrust,cruise_476,1500.0,101.74999999999847,,,,False
vector_thrust,cruise_476,1500.0,101.74999999999847,,,,False
vector_thrust,cruise_476,1500.0,101.74999999999847,,,,False
vector_thrust,cruise_476,1500.0,101.74999999999847,,,,False
vector_thrust,cruise_477,1500.0,0.0,,,,False
vector_thrust,cruise_477,1500.0,0.0,,,,False
vector_thrust,cruise_477,1500.0,0.0,,,,False
vector_thrust,cruise_477,1500.0,0.0,,,,False
vector_thrust,cruise_477,1500.0,0.0,,,,False
vector_thrust,cruise_477,1500.0,0.0,,,,False
vector_thrust,cruise_477,1500.0,0.0,,,,False
vector_thrust,cruise_477,1500.0,0.0,,,,False
vector_thrust,cruise_478,1500.0,101.74999999999847,,,,False
vector_thrust,cruise_478,1500.0,101.74999999999847,,,,False
vector_thrust,cruise_478,1500.0,101.74999999999847,,,,False
vector_thrust,cruise_478,1500.0,101.74999999999847,,,,False
vector_thrust,cruise_478,1500.0,101.74999999999847,,,,False
vector_thrust,cruise_478,1500.0,101.74999999999847,,,,False
vector_thrust,cruise_478,1500.0,101.74999999999847,,,,False
vector_thrust,cruise_478,1500.0,101.74999999999847,,,,False
vector_thrust,cruise_479,1500.0,0.0,,,,False
vector_thrust,cruise_479,1500.0,0.0,,,,False
vector_thrust,cruise_479,1500.0,0.0,,,,False
vector_thrust,cruise_479,1500.0,0.0,,,,False
vector_thrust,cruise_479,1500.0,0.0,,,,False
vector_thrust,cruise_479,1500.0,0.0,,,,False
vector_thrust,cruise_479,1500.0,0.0,,,,False
vector_thrust,cruise_479,1500.0,0.0,,,,False
vector_thrust,cruise_480,1500.0,101.74999999999847,,,,False
vector_thrust,cruise_480,1500.0,101.74999999999847,,,,False
vector_thrust,cruise_480,1500.0,101.74999999999847,,,,False
vector_thrust,cruise_480,1500.0,101.74999999999847,,,,False
vector_thrust,cruise_480,1500.0,101.74999999999847,,,,False
vector_thrust,cruise_480,1500.0,101.74999999999847,,,,False
vector_thrust,cruise_480,1500.0,101.74999999999847,,,,False
vector_thrust,cruise_480,1500.0,101.74999999999847,,,,False
vector_thrust,cruise_481,1500.0,0.0,,,,False
vector_thrust,cruise_481,1500.0,0.0,,,,False
vector_thrust,cruise_481,1500.0,0.0,,,,False
vector_thrust,cruise_481,1500.0,0.0,,,,False
vector_thrust,cruise_481,1500.0,0.0,,,,False
vector_thrust,cruise_481,1500.0,0.0,,,,False
vector_thrust,cruise_481,1500.0,0.0,,,,False
vector_thrust,cruise_481,1500.0,0.0,,,,False
vector_thrust,cruise_482,1500.0,101.74999999999847,,,,False
vector_thrust,cruise_482,1500.0,101.74999999999847,,,,False
vector_thrust,cruise_482,1500.0,101.74999999999847,,,,False
vector_thrust,cruise_482,1500.0,101.74999999999847,,,,False
vector_thrust,cruise_482,1500.0,101.74999999999847,,,,False
vector_thrust,cruise_482,1500.0,101.74999999999847,,,,False
vector_thrust,cruise_482,1500.0,101.74999999999847,,,,False
vector_thrust,cruise_482,1500.0,101.74999999999847,,,,False
vector_thrust,cruise_483,1500.0,0.0,,,,False
vector_thrust,cruise_483,1500.0,0.0,,,,False
vector_thrust,cruise_483,1500.0,0.0,,,,False
vector_thrust,cruise_483,1500.0,0.0,,,,False
vector_thrust,cruise_483,1500.0,0.0,,,,False
vector_thrust,cruise_483,1500.0,0.0,,,,False
vector_thrust,cruise_483,1500.0,0.0,,,,False
vector_thrust,cruise_483,1500.0,0.0,,,,False
vector_thrust,cruise_484,1500.0,101.74999999999847,,,,False
vector_thrust,cruise_484,1500.0,101.74999999999847,,,,False
vector_thrust,cruise_484,1500.0,101.74999999999847,,,,False
vector_thrust,cruise_484,1500.0,101.74999999999847,,,,False
vector_thrust,cruise_484,1500.0,101.74999999999847,,,,False
vector_thrust,cruise_484,1500.0,101.74999999999847,,,,False
vector_thrust,cruise_484,1500.0,101.74999999999847,,,,False
vector_thrust,cruise_484,1500.0,101.74999999999847,,,,False
vector_thrust,cruise_485,1500.0,0.0,,,,False
vector_thrust,cruise_485,1500.0,0.0,,,,False
vector_thrust,cruise_485,1500.0,0.0,,,,False
vector_thrust,cruise_485,1500.0,0.0,,,,False
vector_thrust,cruise_485,1500.0,0.0,,,,False
vector_thrust,cruise_485,1500.0,0.0,,,,False
vector_thrust,cruise_485,1500.0,0.0,,,,False
vector_thrust,cruise_485,1500.0,0.0,,,,False
vector_thrust,cruise_486,1500.0,101.74999999999847,,,,False
vector_thrust,cruise_486,1500.0,101.74999999999847,,,,False
vector_thrust,cruise_486,1500.0,101.74999999999847,,,,False
vector_thrust,cruise_486,1500.0,101.74999999999847,,,,False
vector_thrust,cruise_486,1500.0,101.74999999999847,,,,False
vector_thrust,cruise_486,1500.0,101.74999999999847,,,,False
vector_thrust,cruise_486,1500.0,101.74999999999847,,,,False
vector_thrust,cruise_486,1500.0,101.74999999999847,,,,False
vector_thrust,cruise_487,1500.0,0.0,,,,False
vector_thrust,cruise_487,1500.0,0.0,,,,False
vector_thrust,cruise_487,1500.0,0.0,,,,False
vector_thrust,cruise_487,1500.0,0.0,,,,False
vector_thrust,cruise_487,1500.0,0.0,,,,False
vector_thrust,cruise_487,1500.0,0.0,,,,False
vector_thrust,cruise_487,1500.0,0.0,,,,False
vector_thrust,cruise_487,1500.0,0.0,,,,False
vector_thrust,cruise_488,1500.0,101.74999999999847,,,,False
vector_thrust,cruise_488,1500.0,101.74999999999847,,,,False
vector_thrust,cruise_488,1500.0,101.74999999999847,,,,False
vector_thrust,cruise_488,1500.0,101.74999999999847,,,,False
vector_thrust,cruise_488,1500.0,101.74999999999847,,,,False
vector_thrust,cruise_488,1500.0,101.74999999999847,,,,False
vector_thrust,cruise_488,1500.0,101.74999999999847,,,,False
vector_thrust,cruise_488,1500.0,101.74999999999847,,,,False
vector_thrust,cruise_489,1500.0,0.0,,,,False
vector_thrust,cruise_489,1500.0,0.0,,,,False
vector_thrust,cruise_489,1500.0,0.0,,,,False
vector_thrust,cruise_489,1500.0,0.0,,,,False
vector_thrust,cruise_489,1500.0,0.0,,,,False
vector_thrust,cruise_489,1500.0,0.0,,,,False
vector_thrust,cruise_489,1500.0,0.0,,,,False
vector_thrust,cruise_489,1500.0,0.0,,,,False
vector_thrust,cruise_490,1500.0,101.74999999999847,,,,False
vector_thrust,cruise_490,1500.0,101.74999999999847,,,,False
vector_thrust,cruise_490,1500.0,101.74999999999847,,,,False
vector_thrust,cruise_490,1500.0,101.74999999999847,,,,False
vector_thrust,cruise_490,1500.0,101.74999999999847,,,,False
vector_thrust,cruise_490,1500.0,101.74999999999847,,,,False
vector_thrust,cruise_490,1500.0,101.74999999999847,,,,False
vector_thrust,cruise_490,1500.0,101.74999999999847,,,,False
vector_thrust,cruise_491,1500.0,0.0,,,,False
vector_thrust,cruise_491,1500.0,0.0,,,,False
vector_thrust,cruise_491,1500.0,0.0,,,,False
vector_thrust,cruise_491,1500.0,0.0,,,,False
vector_thrust,cruise_491,1500.0,0.0,,,,False
vector_thrust,cruise_491,1500.0,0.0,,,,False
vector_thrust,cruise_491,1500.0,0.0,,,,False
vector_thrust,cruise_491,1500.0,0.0,,,,False
vector_thrust,cruise_492,1500.0,101.74999999999847,,,,False
vector_thrust,cruise_492,1500.0,101.74999999999847,,,,False
vector_thrust,cruise_492,1500.0,101.74999999999847,,,,False
vector_thrust,cruise_492,1500.0,101.74999999999847,,,,False
vector_thrust,cruise_492,1500.0,101.74999999999847,,,,False
vector_thrust,cruise_492,1500.0,101.74999999999847,,,,False
vector_thrust,cruise_492,1500.0,101.74999999999847,,,,False
vector_thrust,cruise_492,1500.0,101.74999999999847,,,,False
vector_thrust,cruise_493,1500.0,0.0,,,,False
vector_thrust,cruise_493,1500.0,0.0,,,,False
vector_thrust,cruise_493,1500.0,0.0,,,,False
vector_thrust,cruise_493,1500.0,0.0,,,,False
vector_thrust,cruise_493,1500.0,0.0,,,,False
vector_thrust,cruise_493,1500.0,0.0,,,,False
vector_thrust,cruise_493,1500.0,0.0,,,,False
vector_thrust,cruise_493,1500.0,0.0,,,,False
vector_thrust,cruise_494,1500.0,101.74999999999847,,,,False
vector_thrust,cruise_494,1500.0,101.74999999999847,,,,False
vector_thrust,cruise_494,1500.0,101.74999999999847,,,,False
vector_thrust,cruise_494,1500.0,101.74999999999847,,,,False
vector_thrust,cruise_494,1500.0,101.74999999999847,,,,False
vector_thrust,cruise_494,1500.0,101.74999999999847,,,,False
vector_thrust,cruise_494,1500.0,101.74999999999847,,,,False
vector_thrust,cruise_494,1500.0,101.74999999999847,,,,False
vector_thrust,cruise_495,1500.0,0.0,,,,False
vector_thrust,cruise_495,1500.0,0.0,,,,False
vector_thrust,cruise_495,1500.0,0.0,,,,False
vector_thrust,cruise_495,1500.0,0.0,,,,False
vector_thrust,cruise_495,1500.0,0.0,,,,False
vector_thrust,cruise_495,1500.0,0.0,,,,False
vector_thrust,cruise_495,1500.0,0.0,,,,False
vector_thrust,cruise_495,1500.0,0.0,,,,False
vector_thrust,cruise_496,1500.0,101.74999999999847,,,,False
vector_thrust,cruise_496,1500.0,101.74999999999847,,,,False
vector_thrust,cruise_496,1500.0,101.74999999999847,,,,False
vector_thrust,cruise_496,1500.0,101.74999999999847,,,,False
vector_thrust,cruise_496,1500.0,101.74999999999847,,,,False
vector_thrust,cruise_496,1500.0,101.74999999999847,,,,False
vector_thrust,cruise_496,1500.0,101.74999999999847,,,,False
vector_thrust,cruise_496,1500.0,101.74999999999847,,,,False
vector_thrust,cruise_497,1500.0,0.0,,,,False
vector_thrust,cruise_497,1500.0,0.0,,,,False
vector_thrust,cruise_497,1500.0,0.0,,,,False
vector_thrust,cruise_497,1500.0,0.0,,,,False
vector_thrust,cruise_497,1500.0,0.0,,,,False
vector_thrust,cruise_497,1500.0,0.0,,,,False
vector_thrust,cruise_497,1500.0,0.0,,,,False
vector_thrust,cruise_497,1500.0,0.0,,,,False
vector_thrust,cruise_498,1500.0,101.74999999999847,,,,False
vector_thrust,cruise_498,1500.0,101.74999999999847,,,,False
vector_thrust,cruise_498,1500.0,101.74999999999847,,,,False
vector_thrust,cruise_498,1500.0,101.74999999999847,,,,False
vector_thrust,cruise_498,1500.0,101.74999999999847,,,,False
vector_thrust,cruise_498,1500.0,101.74999999999847,,,,False
vector_thrust,cruise_498,1500.0,101.74999999999847,,,,False
vector_thrust,cruise_498,1500.0,101.74999999999847,,,,False
vector_thrust,cruise_499,1500.0,0.0,,,,False
vector_thrust,cruise_499,1500.0,0.0,,,,False
vector_thrust,cruise_499,1500.0,0.0,,,,False
vector_thrust,cruise_499,1500.0,0.0,,,,False
vector_thrust,cruise_499,1500.0,0.0,,,,False
vector_thrust,cruise_499,1500.0,0.0,,,,False
vector_thrust,cruise_499,1500.0,0.0,,,,False
vector_thrust,cruise_499,1500.0,0.0,,,,False
vector_thrust,cruise_500,1500.0,101.74999999999847,,,,False
vector_thrust,cruise_500,1500.0,101.74999999999847,,,,False
vector_thrust,cruise_500,1500.0,101.74999999999847,,,,False
vector_thrust,cruise_500,1500.0,101.74999999999847,,,,False
vector_thrust,cruise_500,1500.0,101.74999999999847,,,,False
vector_thrust,cruise_500,1500.0,101.74999999999847,,,,False
vector_thrust,cruise_500,1500.0,101.74999999999847,,,,False
vector_thrust,cruise_500,1500.0,101.74999999999847,,,,False
vector_thrust,cruise_501,1500.0,0.0,,,,False
vector_thrust,cruise_501,1500.0,0.0,,,,False
vector_thrust,cruise_501,1500.0,0.0,,,,False
vector_thrust,cruise_501,1500.0,0.0,,,,False
vector_thrust,cruise_501,1500.0,0.0,,,,False
vector_thrust,cruise_501,1500.0,0.0,,,,False
vector_thrust,cruise_501,1500.0,0.0,,,,False
vector_thrust,cruise_501,1500.0,0.0,,,,False
vector_thrust,cruise_502,1500.0,101.74999999999847,,,,False
vector_thrust,cruise_502,1500.0,101.74999999999847,,,,False
vector_thrust,cruise_502,1500.0,101.74999999999847,,,,False
vector_thrust,cruise_502,1500.0,101.74999999999847,,,,False
vector_thrust,cruise_502,1500.0,101.74999999999847,,,,False
vector_thrust,cruise_502,1500.0,101.74999999999847,,,,False
vector_thrust,cruise_502,1500.0,101.74999999999847,,,,False
vector_thrust,cruise_502,1500.0,101.74999999999847,,,,False
vector_thrust,cruise_503,1500.0,0.0,,,,False
vector_thrust,cruise_503,1500.0,0.0,,,,False
vector_thrust,cruise_503,1500.0,0.0,,,,False
vector_thrust,cruise_503,1500.0,0.0,,,,False
vector_thrust,cruise_503,1500.0,0.0,,,,False
vector_thrust,cruise_503,1500.0,0.0,,,,False
vector_thrust,cruise_503,1500.0,0.0,,,,False
vector_thrust,cruise_503,1500.0,0.0,,,,False
vector_thrust,cruise_504,1500.0,101.74999999999847,,,,False
vector_thrust,cruise_504,1500.0,101.74999999999847,,,,False
vector_thrust,cruise_504,1500.0,101.74999999999847,,,,False
vector_thrust,cruise_504,1500.0,101.74999999999847,,,,False
vector_thrust,cruise_504,1500.0,101.74999999999847,,,,False
vector_thrust,cruise_504,1500.0,101.74999999999847,,,,False
vector_thrust,cruise_504,1500.0,101.74999999999847,,,,False
vector_thrust,cruise_504,1500.0,101.74999999999847,,,,False
vector_thrust,cruise_505,1500.0,0.0,,,,False
vector_thrust,cruise_505,1500.0,0.0,,,,False
vector_thrust,cruise_505,1500.0,0.0,,,,False
vector_thrust,cruise_505,1500.0,0.0,,,,False
vector_thrust,cruise_505,1500.0,0.0,,,,False
vector_thrust,cruise_505,1500.0,0.0,,,,False
vector_thrust,cruise_505,1500.0,0.0,,,,False
vector_thrust,cruise_505,1500.0,0.0,,,,False
vector_thrust,cruise_506,1500.0,101.74999999999847,,,,False
vector_thrust,cruise_506,1500.0,101.74999999999847,,,,False
vector_thrust,cruise_506,1500.0,101.74999999999847,,,,False
vector_thrust,cruise_506,1500.0,101.74999999999847,,,,False
vector_thrust,cruise_506,1500.0,101.74999999999847,,,,False
vector_thrust,cruise_506,1500.0,101.74999999999847,,,,False
vector_thrust,cruise_506,1500.0,101.74999999999847,,,,False
vector_thrust,cruise_506,1500.0,101.74999999999847,,,,False
vector_thrust,cruise_507,1500.0,0.0,,,,False
vector_thrust,cruise_507,1500.0,0.0,,,,False
vector_thrust,cruise_507,1500.0,0.0,,,,False
vector_thrust,cruise_507,1500.0,0.0,,,,False
vector_thrust,cruise_507,1500.0,0.0,,,,False
vector_thrust,cruise_507,1500.0,0.0,,,,False
vector_thrust,cruise_507,1500.0,0.0,,,,False
vector_thrust,cruise_507,1500.0,0.0,,,,False
vector_thrust,cruise_508,1500.0,101.74999999999847,,,,False
vector_thrust,cruise_508,1500.0,101.74999999999847,,,,False
vector_thrust,cruise_508,1500.0,101.74999999999847,,,,False
vector_thrust,cruise_508,1500.0,101.74999999999847,,,,False
vector_thrust,cruise_508,1500.0,101.74999999999847,,,,False
vector_thrust,cruise_508,1500.0,101.74999999999847,,,,False
vector_thrust,cruise_508,1500.0,101.74999999999847,,,,False
vector_thrust,cruise_508,1500.0,101.74999999999847,,,,False
vector_thrust,cruise_509,1500.0,0.0,,,,False
vector_thrust,cruise_509,1500.0,0.0,,,,False
vector_thrust,cruise_509,1500.0,0.0,,,,False
vector_thrust,cruise_509,1500.0,0.0,,,,False
vector_thrust,cruise_509,1500.0,0.0,,,,False
vector_thrust,cruise_509,1500.0,0.0,,,,False
vector_thrust,cruise_509,1500.0,0.0,,,,False
vector_thrust,cruise_509,1500.0,0.0,,,,False
vector_thrust,cruise_510,1500.0,101.74999999999847,,,,False
vector_thrust,cruise_510,1500.0,101.74999999999847,,,,False
vector_thrust,cruise_510,1500.0,101.74999999999847,,,,False
vector_thrust,cruise_510,1500.0,101.74999999999847,,,,False
vector_thrust,cruise_510,1500.0,101.74999999999847,,,,False
vector_thrust,cruise_510,1500.0,101.74999999999847,,,,False
vector_thrust,cruise_510,1500.0,101.74999999999847,,,,False
vector_thrust,cruise_510,1500.0,101.74999999999847,,,,False
vector_thrust,cruise_511,1500.0,0.0,,,,False
vector_thrust,cruise_511,1500.0,0.0,,,,False
vector_thrust,cruise_511,1500.0,0.0,,,,False
vector_thrust,cruise_511,1500.0,0.0,,,,False
vector_thrust,cruise_511,1500.0,0.0,,,,False
vector_thrust,cruise_511,1500.0,0.0,,,,False
vector_thrust,cruise_511,1500.0,0.0,,,,False
vector_thrust,cruise_511,1500.0,0.0,,,,False
vector_thrust,cruise_512,1500.0,101.74999999999847,,,,False
vector_thrust,cruise_512,1500.0,101.74999999999847,,,,False
vector_thrust,cruise_512,1500.0,101.74999999999847,,,,False
vector_thrust,cruise_512,1500.0,101.74999999999847,,,,False
vector_thrust,cruise_512,1500.0,101.74999999999847,,,,False
vector_thrust,cruise_512,1500.0,101.74999999999847,,,,False
vector_thrust,cruise_512,1500.0,101.74999999999847,,,,False
vector_thrust,cruise_512,1500.0,101.74999999999847,,,,False
vector_thrust,cruise_513,1500.0,0.0,,,,False
vector_thrust,cruise_513,1500.0,0.0,,,,False
vector_thrust,cruise_513,1500.0,0.0,,,,False
vector_thrust,cruise_513,1500.0,0.0,,,,False
vector_thrust,cruise_513,1500.0,0.0,,,,False
vector_thrust,cruise_513,1500.0,0.0,,,,False
vector_thrust,cruise_513,1500.0,0.0,,,,False
vector_thrust,cruise_513,1500.0,0.0,,,,False
vector_thrust,cruise_514,1500.0,101.74999999999847,,,,False
vector_thrust,cruise_514,1500.0,101.74999999999847,,,,False
vector_thrust,cruise_514,1500.0,101.74999999999847,,,,False
vector_thrust,cruise_514,1500.0,101.74999999999847,,,,False
vector_thrust,cruise_514,1500.0,101.74999999999847,,,,False
vector_thrust,cruise_514,1500.0,101.74999999999847,,,,False
vector_thrust,cruise_514,1500.0,101.74999999999847,,,,False
vector_thrust,cruise_514,1500.0,101.74999999999847,,,,False
vector_thrust,cruise_515,1500.0,0.0,,,,False
vector_thrust,cruise_515,1500.0,0.0,,,,False
vector_thrust,cruise_515,1500.0,0.0,,,,False
vector_thrust,cruise_515,1500.0,0.0,,,,False
vector_thrust,cruise_515,1500.0,0.0,,,,False
vector_thrust,cruise_515,1500.0,0.0,,,,False
vector_thrust,cruise_515,1500.0,0.0,,,,False
vector_thrust,cruise_515,1500.0,0.0,,,,False
vector_thrust,cruise_516,1500.0,101.74999999999847,,,,False
vector_thrust,cruise_516,1500.0,101.74999999999847,,,,False
vector_thrust,cruise_516,1500.0,101.74999999999847,,,,False
vector_thrust,cruise_516,1500.0,101.74999999999847,,,,False
vector_thrust,cruise_516,1500.0,101.74999999999847,,,,False
vector_thrust,cruise_516,1500.0,101.74999999999847,,,,False
vector_thrust,cruise_516,1500.0,101.74999999999847,,,,False
vector_thrust,cruise_516,1500.0,101.74999999999847,,,,False
vector_thrust,cruise_517,1500.0,0.0,,,,False
vector_thrust,cruise_517,1500.0,0.0,,,,False
vector_thrust,cruise_517,1500.0,0.0,,,,False
vector_thrust,cruise_517,1500.0,0.0,,,,False
vector_thrust,cruise_517,1500.0,0.0,,,,False
vector_thrust,cruise_517,1500.0,0.0,,,,False
vector_thrust,cruise_517,1500.0,0.0,,,,False
vector_thrust,cruise_517,1500.0,0.0,,,,False
vector_thrust,cruise_518,1500.0,101.74999999999847,,,,False
vector_thrust,cruise_518,1500.0,101.74999999999847,,,,False
vector_thrust,cruise_518,1500.0,101.74999999999847,,,,False
vector_thrust,cruise_518,1500.0,101.74999999999847,,,,False
vector_thrust,cruise_518,1500.0,101.74999999999847,,,,False
vector_thrust,cruise_518,1500.0,101.74999999999847,,,,False
vector_thrust,cruise_518,1500.0,101.74999999999847,,,,False
vector_thrust,cruise_518,1500.0,101.74999999999847,,,,False
vector_thrust,cruise_519,1500.0,0.0,,,,False
vector_thrust,cruise_519,1500.0,0.0,,,,False
vector_thrust,cruise_519,1500.0,0.0,,,,False
vector_thrust,cruise_519,1500.0,0.0,,,,False
vector_thrust,cruise_519,1500.0,0.0,,,,False
vector_thrust,cruise_519,1500.0,0.0,,,,False
vector_thrust,cruise_519,1500.0,0.0,,,,False
vector_thrust,cruise_519,1500.0,0.0,,,,False
vector_thrust,cruise_520,1500.0,101.74999999999847,,,,False
vector_thrust,cruise_520,1500.0,101.74999999999847,,,,False
vector_thrust,cruise_520,1500.0,101.74999999999847,,,,False
vector_thrust,cruise_520,1500.0,101.74999999999847,,,,False
vector_thrust,cruise_520,1500.0,101.74999999999847,,,,False
vector_thrust,cruise_520,1500.0,101.74999999999847,,,,False
vector_thrust,cruise_520,1500.0,101.74999999999847,,,,False
vector_thrust,cruise_520,1500.0,101.74999999999847,,,,False
vector_thrust,cruise_521,1500.0,0.0,,,,False
vector_thrust,cruise_521,1500.0,0.0,,,,False
vector_thrust,cruise_521,1500.0,0.0,,,,False
vector_thrust,cruise_521,1500.0,0.0,,,,False
vector_thrust,cruise_521,1500.0,0.0,,,,False
vector_thrust,cruise_521,1500.0,0.0,,,,False
vector_thrust,cruise_521,1500.0,0.0,,,,False
vector_thrust,cruise_521,1500.0,0.0,,,,False
vector_thrust,cruise_522,1500.0,101.74999999999847,,,,False
vector_thrust,cruise_522,1500.0,101.74999999999847,,,,False
vector_thrust,cruise_522,1500.0,101.74999999999847,,,,False
vector_thrust,cruise_522,1500.0,101.74999999999847,,,,False
vector_thrust,cruise_522,1500.0,101.74999999999847,,,,False
vector_thrust,cruise_522,1500.0,101.74999999999847,,,,False
vector_thrust,cruise_522,1500.0,101.74999999999847,,,,False
vector_thrust,cruise_522,1500.0,101.74999999999847,,,,False
vector_thrust,cruise_523,1500.0,0.0,,,,False
vector_thrust,cruise_523,1500.0,0.0,,,,False
vector_thrust,cruise_523,1500.0,0.0,,,,False
vector_thrust,cruise_523,1500.0,0.0,,,,False
vector_thrust,cruise_523,1500.0,0.0,,,,False
vector_thrust,cruise_523,1500.0,0.0,,,,False
vector_thrust,cruise_523,1500.0,0.0,,,,False
vector_thrust,cruise_523,1500.0,0.0,,,,False
vector_thrust,cruise_524,1500.0,101.74999999999847,,,,False
vector_thrust,cruise_524,1500.0,101.74999999999847,,,,False
vector_thrust,cruise_524,1500.0,101.74999999999847,,,,False
vector_thrust,cruise_524,1500.0,101.74999999999847,,,,False
vector_thrust,cruise_524,1500.0,101.74999999999847,,,,False
vector_thrust,cruise_524,1500.0,101.74999999999847,,,,False
vector_thrust,cruise_524,1500.0,101.74999999999847,,,,False
vector_thrust,cruise_524,1500.0,101.74999999999847,,,,False
vector_thrust,cruise_525,1500.0,0.0,,,,False
vector_thrust,cruise_525,1500.0,0.0,,,,False
vector_thrust,cruise_525,1500.0,0.0,,,,False
vector_thrust,cruise_525,1500.0,0.0,,,,False
vector_thrust,cruise_525,1500.0,0.0,,,,False
vector_thrust,cruise_525,1500.0,0.0,,,,False
vector_thrust,cruise_525,1500.0,0.0,,,,False
vector_thrust,cruise_525,1500.0,0.0,,,,False
vector_thrust,cruise_526,1500.0,101.74999999999847,,,,False
vector_thrust,cruise_526,1500.0,101.74999999999847,,,,False
vector_thrust,cruise_526,1500.0,101.74999999999847,,,,False
vector_thrust,cruise_526,1500.0,101.74999999999847,,,,False
vector_thrust,cruise_526,1500.0,101.74999999999847,,,,False
vector_thrust,cruise_526,1500.0,101.74999999999847,,,,False
vector_thrust,cruise_526,1500.0,101.74999999999847,,,,False
vector_thrust,cruise_526,1500.0,101.74999999999847,,,,False
vector_thrust,decel_descend,1500.0,89.71449143789525,,,,False
vector_thrust,decel_descend,1440.5813207414515,89.71449143789525,,,,False
vector_thrust,decel_descend,1274.0938811152403,89.71449143789525,,,,False
vector_thrust,decel_descend,1033.5125603737888,89.71449143789525,,,,False
vector_thrust,decel_descend,766.4874396262114,89.71449143789525,,,,False
vector_thrust,decel_descend,525.90611888476,89.71449143789525,,,,False
vector_thrust,decel_descend,359.41867925854854,89.71449143789525,,,,False
vector_thrust,decel_descend,299.99999999999994,89.71449143789525,,,,False
vector_thrust,arrival_terminal_procedure,299.99999999999994,90.74730715870507,,,,False
vector_thrust,arrival_terminal_procedure,299.99999999999994,90.74730715870507,,,,False
vector_thrust,arrival_terminal_procedure,299.99999999999994,90.74730715870507,,,,False
vector_thrust,arrival_terminal_procedure,299.99999999999994,90.74730715870507,,,,False
vector_thrust,arrival_terminal_procedure,299.99999999999994,90.74730715870507,,,,False
vector_thrust,arrival_terminal_procedure,299.99999999999994,90.74730715870507,,,,False
vector_thrust,arrival_terminal_procedure,299.99999999999994,90.74730715870507,,,,False
vector_thrust,arrival_terminal_procedure,299.99999999999994,90.74730715870507,,,,False
vector_thrust,second_descent,299.99999999999994,87.41243636945104,,,,False
vector_thrust,second_descent,287.62110848780236,87.41243636945104,,,,False
vector_thrust,second_descent,252.93622523234166,87.41243636945104,,,,False
vector_thrust,second_descent,202.81511674453927,87.41243636945104,,,,False
vector_thrust,second_descent,147.18488325546068,87.41243636945104,,,,False
vector_thrust,second_descent,97.06377476765829,87.41243636945104,,,,False
vector_thrust,second_descent,62.37889151219761,87.41243636945104,,,,False
vector_thrust,second_descent,49.99999999999998,87.41243636945104,,,,False
vector_thrust,hover_descent,49.99999999999999,2.7804347647579246,0.0,,,False
vector_thrust,hover_descent,47.52422169756048,2.7804347647579246,0.0,,,False
vector_thrust,hover_descent,40.58724504646833,2.7804347647579246,0.0,,,False
vector_thrust,hover_descent,30.56302334890786,2.7804347647579246,0.0,,,False
vector_thrust,hover_descent,19.43697665109214,2.7804347647579246,0.0,,,False
vector_thrust,hover_descent,9.412754953531667,2.7804347647579246,0.0,,,False
vector_thrust,hover_descent,2.475778302439526,2.7804347647579246,0.0,,,False
vector_thrust,hover_descent,-0.0,2.7804347647579246,0.0,,,False
