eVTOL_type,mission_segment,SOC,battery_energy_kw_h,battery_power_kw,voltage_v,voltage_oc_v,current_a,C_Rating_instant,C_Rating_nominal,specific_power,time_min,fesibility
lift_and_cruse,hover_climb,1.0,93.75,17.654054344773666,476.18244471283515,482.926747280245,37.07413942028051,0.1883099130109191,0.1883099130109191,35.30810868954733,0.0,True
lift_and_cruse,hover_climb,0.9999786920599607,93.74800238062132,17.654510106283904,476.17905352102923,482.9235715981827,37.0753618688554,0.1883187937379516,0.18831612216879567,35.30902021256781,0.0067565115433282094,True
lift_and_cruse,hover_climb,0.9999189855920301,93.74240489925282,17.65578746446723,476.1695510448871,482.91467312473947,37.07878795139041,0.18834368321441333,0.18833352419927363,35.31157492893446,0.025687836198980508,True
lift_and_cruse,hover_climb,0.9998326995705302,93.73431558473722,17.65763418320099,476.1558180901039,482.9018133863076,37.083740996826066,0.18837966567561346,0.1883586821009731,35.31526836640198,0.05304439294144471,True
lift_and_cruse,hover_climb,0.999736918682976,93.725336126529,17.65968510674208,476.1405736127765,482.8875386691199,37.089241522688354,0.18841962550697172,0.18838662080873106,35.31937021348416,0.08340788020172493,True
lift_and_cruse,hover_climb,0.9996506135032062,93.71724501592558,17.661534023273454,476.1268369680168,482.8746762549863,37.09420008008637,0.188455648167944,0.18841180670722743,35.32306804654691,0.11076443694418914,True
lift_and_cruse,hover_climb,0.9995908831453099,93.7116452948728,17.66281412206389,476.1173298905494,482.8657744449971,37.097633035922236,0.1884805877726822,0.18842924364912092,35.32562824412778,0.12969576159984145,True
lift_and_cruse,hover_climb,0.9995695645732376,93.70964667874104,17.66327110454767,476.1139366509614,482.86259727852485,37.09885854610988,0.18848949082264152,0.1884354683577841,35.32654220909534,0.13645227314316966,True
lift_and_cruse,dep_transition,0.9995695645732376,93.70964667874104,94.42172490521493,466.9321371703475,503.7175100515872,202.21723326027617,1.007598771795561,0.9973072430035717,188.84344981042986,0.13645227314316966,True
lift_and_cruse,dep_transition,0.999554678499512,93.70825110932924,95.36299473565686,466.68705485472526,503.85862224586543,204.34037122831623,1.0176585829694367,1.007778263891771,190.7259894713137,0.13731431469109948,True
lift_and_cruse,dep_transition,0.9995121634065666,93.70426531936562,97.99379393482852,466.0005469264565,504.25378292505945,210.28696220387582,1.0457777889248023,1.0371060227355087,195.98758786965703,0.1397297014340757,True
lift_and_cruse,dep_transition,0.9994486361430964,93.69830963841528,101.77229384529083,465.01059814185027,504.8233034923231,218.8603785094518,1.086171094366321,1.0793889184164651,203.54458769058166,0.14322003640487746,True
lift_and_cruse,dep_transition,0.9993752494032508,93.69142963155477,105.92300140895237,463.91768408662404,505.4516232037909,228.32321169300917,1.1305535202994326,1.1260582943204929,211.84600281790475,0.14709401595638824,True
lift_and_cruse,dep_transition,0.9993065623071244,93.68499021629292,109.61364030111532,462.941035464313,506.0126922698192,236.77721602014066,1.1700261622022146,1.16775226674756,219.22728060223065,0.15058435092718997,True
lift_and_cruse,dep_transition,0.9992576194622038,93.68040182458161,112.13572767078004,462.27093785865964,506.39741760985896,242.5764317011584,1.197006336446747,1.1963531911552971,224.27145534156008,0.15299973767016622,True
lift_and_cruse,dep_transition,0.9992398750821776,93.67873828895415,113.02891149889426,462.01049586490814,506.513495710529,244.64647685669513,1.2065623656834839,1.2065623656834839,226.05782299778852,0.15386177921809605,True
lift_and_cruse,second_climb,0.9992398750821776,93.67873828895415,107.17519530464087,463.5695735709137,505.62572298358367,231.19549125482632,1.1440717205427497,1.1440717205427497,214.35039060928173,0.15386177921809605,True
lift_and_cruse,second_climb,0.9987747757707064,93.63513522850373,107.19312984748683,463.49865445031367,505.5675458465603,231.27053714221793,1.1448008540579135,1.144443085386596,214.38625969497366,0.17762925092151544,True
lift_and_cruse,second_climb,0.9974711517622727,93.51292047771307,107.24352248626525,463.29977624724154,505.404474924209,231.48132976844056,1.1468495234590839,1.1454861934560974,214.4870449725305,0.2442242267719999,True
lift_and_cruse,second_climb,0.9955861979650107,93.33620605921975,107.31671378771121,463.01195108532187,505.1686686156445,231.7872969426024,1.1498248442420602,1.1470002731186073,214.63342757542242,0.34045675506858036,True
lift_and_cruse,second_climb,0.9934924388542651,93.13991614258735,107.39846868686769,462.6918796291719,504.90671845108517,232.12879655999416,1.1531480126305573,1.1486901852043212,214.79693737373537,0.4472668033676112,True
lift_and_cruse,second_climb,0.9916045597955148,92.9629274808295,107.47259709608173,462.4029526607752,504.67050593927644,232.43820237695832,1.1561609988286192,1.150221281003114,214.94519419216346,0.5434993316641917,True
lift_and_cruse,second_climb,0.9902972879918344,92.84037074923447,107.5241583552939,462.20270048404507,504.5069284877516,232.65328313619165,1.158256638509962,1.1512856089142518,215.0483167105878,0.6100943075146761,True
lift_and_cruse,second_climb,0.9898305652348905,92.79661549077099,107.54261307488333,462.1311698552478,504.4485259322354,232.73023764151804,1.1590066772711236,1.1516664185608174,215.08522614976667,0.6338617792180955,True
lift_and_cruse,departure_terminal_procedures,0.9898305652348905,92.79661549077099,70.13424192040122,471.6383239031555,498.6767805308896,148.70344152694943,0.7557844814650214,0.7557844814650214,140.26848384080245,0.6338617792180955,True
lift_and_cruse,departure_terminal_procedures,0.989350639173655,92.75162242253016,70.13424192040915,471.56404543722334,498.60626609616844,148.72728273896553,0.7561532325092359,0.7559056543032291,140.2684838408183,0.671698914773785,True
lift_and_cruse,departure_terminal_procedures,0.9880059038707837,92.62555348788598,70.13424192040603,471.3558743117219,498.40866108307944,148.7941409834778,0.7571883759366835,0.7562454609892177,140.26848384081205,0.7777162127020344,True
lift_and_cruse,departure_terminal_procedures,0.9860626727824174,92.44337557335163,70.13424192040404,471.05493447448754,498.12304066231866,148.89090176815756,0.7586892358836002,0.7567372471827611,140.26848384080807,0.9309156469313216,True
lift_and_cruse,departure_terminal_procedures,0.9839058041514637,92.24116913919971,70.1342419204048,470.7207446641012,497.8059247965142,148.99850334153234,0.760362071527091,0.7572841316294344,140.2684838408096,1.1009541906447762,True
lift_and_cruse,departure_terminal_procedures,0.981962492092816,92.0589836337015,70.13424192040286,470.41949488372353,497.5201219551523,149.09563450825036,0.7618755965611491,0.757777800287794,140.26848384080571,1.2541536248740635,True
lift_and_cruse,departure_terminal_procedures,0.9806176558235972,91.93290523346224,70.13424192040641,470.2109372615442,497.32228946420844,149.1629546150096,0.7629265333898707,0.758119954386292,140.26848384081282,1.3601709228023129,True
lift_and_cruse,departure_terminal_procedures,0.9801376848288029,91.88790795270027,70.1342419204076,470.13648678701963,497.25167379121467,149.18700137625046,0.7633023132643812,0.758242171927384,140.2684838408152,1.3980080583580023,True
lift_and_cruse,accel_climb,0.9801376848288029,91.88790795270027,110.89860179000102,459.70505874155384,503.55059715215265,241.23859348398955,1.2068900496175494,1.2068900496175494,221.79720358000205,1.3980080583580023,True
lift_and_cruse,accel_climb,0.9777284825700405,91.6620452409413,110.91502408593658,459.3577644561812,503.2397152779658,241.4623492810011,1.210071242404663,1.208009475166577,221.83004817187316,1.5168454168750993,True
lift_and_cruse,accel_climb,0.9709670011151746,91.02815635454762,111.28201614519834,458.2972569314693,502.4175957192946,242.8379087383533,1.2226101451543,1.214891247265144,222.56403229039668,1.8498202961275216,True
lift_and_cruse,accel_climb,0.9611218448989826,90.10517295927961,112.62026586419528,456.4507503734708,501.27065526706406,246.77666571613082,1.250110182815986,1.2345964135724452,225.24053172839055,2.330982937610424,True
lift_and_cruse,accel_climb,0.949993880179709,89.06192626684772,115.25446879474606,453.9410119207095,500.0511613749334,253.9745293168661,1.2944864284066049,1.2706065304976555,230.50893758949212,2.8650331791055788,True
lift_and_cruse,accel_climb,0.9396904291477958,88.09597773260586,118.62486064418404,451.29803452481957,499.02521556577256,262.96230417204924,1.3471031718062214,1.3155713758164176,237.24972128836808,3.3461958205884805,True
lift_and_cruse,accel_climb,0.9323595838721895,87.40871098801777,121.48238232363467,449.2540646171787,498.34770085117464,270.5451897417113,1.3905196035982175,1.3535077151443993,242.96476464726933,3.6791706998409035,True
lift_and_cruse,accel_climb,0.9296973837800452,87.15912972937923,122.59959092702675,448.48210070520855,498.11070743718375,273.5120798435802,1.407371465471988,1.368350738769025,245.1991818540535,3.7980080583580005,True
lift_and_cruse,cruise_0,0.9296973837800452,87.15912972937923,77.47350250254006,460.62792540043455,491.14493336349454,168.19106751982252,0.8888742090827213,0.8888742090827213,154.94700500508011,3.7980080583580005,True
lift_and_cruse,cruise_0,0.9296394223554693,87.15369584582525,77.47350250288771,460.6188626362447,491.13643869374084,168.1944445463422,0.8889299873836863,0.8888920563549991,154.94700500577542,3.802134355528733,True
lift_and_cruse,cruise_0,0.9294770177953781,87.13847041831669,77.47350250386624,460.59346848165,491.1126366539734,168.20390782094898,0.8890863122051488,0.8889420688845316,154.94700500773249,3.813695983280553,True
lift_and_cruse,cruise_0,0.9292423358474373,87.11646898569724,77.47350250653703,460.5567705746956,491.07824033382,168.21758542144272,0.8893123056708402,0.889014353735923,154.94700501307406,3.830403019443154,True
lift_and_cruse,cruise_0,0.9289818577129881,87.09204916059264,77.4735025079113,460.51603583044846,491.0400614211251,168.23277023606488,0.8895632746340593,0.8890946040743408,154.9470050158226,3.84894643060618,True
lift_and_cruse,cruise_0,0.9287471743151005,87.07004759204067,77.47350250288736,460.47933224418335,491.0056616967956,168.24645472213896,0.8897895116113835,0.8891669253153864,154.9470050057747,3.8656534667687814,True
lift_and_cruse,cruise_0,0.9285847679469607,87.05482199502757,77.47350250260513,460.4539310055329,490.98185541344,168.25592660177816,0.8899461401827043,0.889216983321718,154.94700500521026,3.877215094520601,True
lift_and_cruse,cruise_0,0.9285268057177251,87.04938803603672,77.47350249874252,460.4471692480704,490.97536281491625,168.25765289278016,0.8899977556043522,0.8892261066097241,154.94700499748504,3.881341391691334,True
lift_and_cruse,cruise_1,0.9285268057177251,87.04938803603672,89.30744724658999,457.51173974140664,492.92871449767864,195.20252594407302,1.0259399779998268,1.0259399779998268,178.61489449317997,3.881341391691334,True
lift_and_cruse,cruise_1,0.9203495678667389,86.28277198750679,89.30744724862681,457.08804217939866,492.5319505274702,195.3886100873793,1.03508261489241,1.0269179938373088,178.61489449725363,4.384749646520703,True
lift_and_cruse,cruise_1,0.8974350709003097,84.13453789690404,89.30744724723735,455.8592422493016,491.38607937632366,195.93027286607932,1.0615928720245158,1.0297648499247245,178.6148944944747,5.795268232242772,True
lift_and_cruse,cruise_1,0.8643189125804855,81.02989805442051,89.3074472470973,453.9723593929726,489.63888928295836,196.76774020775179,1.1023969845617176,1.0341663873635238,178.6148944941946,7.833526644080068,True
lift_and_cruse,cruise_1,0.827553090511941,77.58310223549448,89.3074472470987,450.3340790533516,486.3032855660574,198.43498547635636,1.151823449456972,1.0429290484301257,178.6148944941974,10.095822805969267,True
lift_and_cruse,cruise_1,0.7944159587123719,74.47649612928485,89.3074472655545,446.6187141971595,482.90819700825637,200.1289608871383,1.2001281455275357,1.0518321970306095,178.614894531109,12.134081217806562,True
lift_and_cruse,cruise_1,0.7714772117201202,72.32598859876127,89.3074472470982,444.0620654795582,480.58075765880506,201.3028761679785,1.2359453733019456,1.0580020281410119,178.6148944941964,13.54459980352863,True
lift_and_cruse,cruise_1,0.763289035085256,71.55834703924276,89.30744724709731,443.15907244354685,479.7614175833175,201.72396652696543,1.249271532875099,1.060215183076101,178.61489449419463,14.048008058358,True
lift_and_cruse,cruise_2,0.763289035085256,71.55834703924276,76.43787409126365,445.6105862347414,476.73841669645344,171.53513954220864,1.0681894880738798,1.0681894880738798,152.8757481825273,14.048008058358,True
lift_and_cruse,cruise_2,0.7597974338347694,71.23100942200962,76.43787409224765,445.24195395986044,476.39907017692457,171.68016369905672,1.0731170618213621,1.0690925874637502,152.8757481844953,14.299712185772686,True
lift_and_cruse,cruise_2,0.7500135883776661,70.3137739104062,76.43787409115744,444.205598204022,475.44590971017135,172.08921838213962,1.0871695536255042,1.0716398667773805,152.87574818231488,15.004971478633719,True
lift_and_cruse,cruise_2,0.7358739677385285,68.98818447548706,76.43787409361482,442.69899333644685,474.0625139977486,172.68743348028906,1.1081398002398855,1.0753650922976774,152.87574818722965,16.024100684552366,True
lift_and_cruse,cruise_2,0.7201779566559459,67.51668343649493,76.43787409122153,441.0143344629655,472.518791515657,173.3613812459895,1.1323846237751392,1.0795619228756765,152.87574818244306,17.155248765496964,True
lift_and_cruse,cruise_2,0.7060343293845059,66.19071837979743,76.43787409124701,439.53342151911517,471.1646636398711,173.95563961380483,1.1551365409464796,1.0832625089095025,152.87574818249402,18.174377971415613,True
lift_and_cruse,cruise_2,0.696245534905337,65.27301889737535,76.43787409128184,438.53596472545337,470.25490115035717,174.35999841922705,1.1714354783639227,1.0857805458931482,152.87574818256368,18.87963726427665,True
lift_and_cruse,cruise_2,0.6927517363125232,64.94547527929905,76.4378740912931,438.1793180285868,469.92992588905724,174.50504467937213,1.1773645683755265,1.0866837829254257,152.8757481825862,19.131341391691333,True
lift_and_cruse,cruise_3,0.6927517363125232,64.94547527929905,69.05757880018012,439.8998696428431,468.4647838110687,156.9847675932442,1.063316243405671,1.063316243405671,138.11515760036025,19.131341391691333,True
lift_and_cruse,cruise_3,0.6879495393687013,64.49526931581575,69.05757874070545,439.41827896136994,468.0218985368308,157.1601499835553,1.0707613652858992,1.0645041735933203,138.1151574814109,19.515087028569457,True
lift_and_cruse,cruise_3,0.6744930523654041,63.23372365925664,69.05757887362243,438.0651045752,466.7789747418432,157.65508153221984,1.0921891956004328,1.0678565291316138,138.11515774724487,20.59031840948874,True
lift_and_cruse,cruise_3,0.6550451100949121,61.410479071398,69.05757880017768,436.09990895980394,464.97782910425053,158.3795397500257,1.1247152588694094,1.0727635542046303,138.11515760035536,22.144072772610617,True
lift_and_cruse,cruise_3,0.6334555502848254,59.38645783920238,69.05757880018609,433.87406480871243,462.9430757172458,159.2095933992062,1.163176184572111,1.0783858164253741,138.11515760037219,23.868610010772052,True
lift_and_cruse,cruise_3,0.6140002320234916,57.562521752202336,69.05757880016716,431.8142763245018,461.0642950571562,159.9844288700957,1.200148260931358,1.0836340653784093,138.11515760033433,25.422364373893924,True
lift_and_cruse,cruise_3,0.60053453263019,56.300112434080305,69.0575788001691,430.3831899483369,459.7618943433322,160.52730634265217,1.2271423837467001,1.087311176499432,138.1151576003382,26.497595754813208,True
lift_and_cruse,cruise_3,0.5957282345469073,55.84952198877256,69.05757880017254,429.8713207444541,459.29663812496483,160.7223954336074,1.2370732270930875,1.0886325875032146,138.11515760034507,26.881341391691333,True
lift_and_cruse,cruise_4,0.5957282345469073,55.84952198877256,65.49437948277418,430.6808061601932,458.526515312442,152.07173978032637,1.1726936444673677,1.1726936444673677,130.98875896554836,26.881341391691333,True
lift_and_cruse,cruise_4,0.5943083195986062,55.71640496236933,65.49437948388014,430.5304877978191,458.3892166068793,152.1258362305952,1.175503166854435,1.173110806548305,130.98875896776028,27.001004009642575,True
lift_and_cruse,cruise_4,0.5903296956563899,55.34340896778656,65.49437948242688,430.1090299326295,458.0043984440125,152.2777197280951,1.1834475601372287,1.1742820485718057,130.98875896485376,27.336291214445364,True
lift_and_cruse,cruise_4,0.5845801478996309,54.8043888655904,65.4943794833309,429.4992859280322,457.44801692682944,152.49800482694354,1.1951193240975166,1.1759807661360528,130.9887589666618,27.82079526316079,True
lift_and_cruse,cruise_4,0.5781982446525042,54.206085436172266,65.49437948430668,428.82152697033985,456.8300651084733,152.74362576214648,1.20834689144701,1.1778748597400104,130.98875896861335,28.358554186888544,True
lift_and_cruse,cruise_4,0.5724480042419932,53.66700039768686,65.49437948060648,428.20999065690154,456.2729378110263,152.96594056756902,1.2205180743451074,1.179589229285375,130.98875896121297,28.84305823560397,True
lift_and_cruse,cruise_4,0.5684685081943074,53.29392264321632,65.49437948298765,427.73563695072534,455.84052251990926,153.14211653885596,1.229114644089117,1.1809478015101322,130.9887589659753,29.17834544040676,True
lift_and_cruse,cruise_4,0.5670481973395018,53.1607685005783,65.49437948154572,427.55597796586153,455.6763643434556,153.20769040723144,1.2322031029939342,1.181453471128946,130.98875896309144,29.298008058358,True
lift_and_cruse,cruise_5,0.5670481973395018,53.1607685005783,75.18718055650707,424.6660558060527,457.16414722116605,177.05013040211685,1.4143358472516505,1.4143358472516505,150.37436111301415,29.298008058358,True
lift_and_cruse,cruise_5,0.5582499496743375,52.33593278196915,75.18718045776487,423.58504471338387,456.1932081805559,177.5120065203631,1.4367075778000762,1.4180254686574154,150.37436091552973,29.941710416992276,True
lift_and_cruse,cruise_5,0.5335926907742655,50.02431476008739,75.1871804556807,420.5840307044066,453.5055879318045,178.80723032492776,1.50333824680696,1.4283721509944964,150.3743609113614,31.74532434627623,True
lift_and_cruse,cruise_5,0.49794646830294803,46.682481403401376,75.18718043515426,416.32250334866785,449.7089925521528,180.67563277482725,1.6112967749276514,1.4432975766690435,150.37436087030852,34.351621987641956,True
lift_and_cruse,cruise_5,0.45836148889253625,42.97138958367527,75.1871804126997,411.892398114176,445.79755333527044,182.66684028283885,1.7509110975694582,1.4592040103525499,150.3743608253994,37.244394129074045,True
lift_and_cruse,cruise_5,0.4226774408043893,39.6260100754115,75.1871804122424,407.93279505978984,442.3207534221282,184.45561066094967,1.8988914775467758,1.4734933083187138,150.3743608244848,39.85069177043977,True
lift_and_cruse,cruise_5,0.39797324721311506,37.309991926229536,75.18718041619566,405.66669891885346,440.36418228092214,185.5120606876054,2.017048554113158,1.481932585602134,150.37436083239132,41.65430569972373,True
lift_and_cruse,cruise_5,0.38915460182953104,36.483243921518536,75.18718042009563,404.86310705109133,439.67299098361315,185.88968146008872,2.062861355381817,1.484949147035763,150.37436084019126,42.29800805835799,True
lift_and_cruse,cruise_6,0.38915460182953104,36.483243921518536,72.70567169094335,405.23696732992795,438.8540476545421,179.41520037027908,1.992851070133597,1.992851070133597,145.4113433818867,42.29800805835799,True
lift_and_cruse,cruise_6,0.3890999816437557,36.47812327910209,72.70567169095149,405.2319981187807,438.8497553764959,179.41745438766898,1.9931314169485406,1.9928761065906992,145.41134338190298,42.302134355528736,True
lift_and_cruse,cruise_6,0.3889469390910532,36.46377553978624,72.7056716909636,405.21807521001745,438.8377293981563,179.42377008226543,1.9939173517654483,1.9929462580533914,145.4113433819272,42.31369598328055,True
lift_and_cruse,cruise_6,0.38872578569215976,36.44304240863998,72.7056716909665,405.19795735617686,438.82035322466504,179.43289672885751,1.995054156614478,1.9930476321141746,145.411343381933,42.330403019443146,True
lift_and_cruse,cruise_6,0.3884803232421131,36.42003030394811,72.70567169129149,405.1756300676916,438.8010697144435,179.44302682436395,1.9963174343359533,1.9931601519654965,145.41134338258297,42.348946430606176,True
lift_and_cruse,cruise_6,0.388259168589522,36.39929705526769,72.70567169096775,405.15551553906414,438.78369820393107,179.45215397628388,1.9974569796900745,1.9932615316391995,145.4113433819355,42.36565346676878,True
lift_and_cruse,cruise_6,0.38810612447348536,36.38494916938926,72.70567169098003,405.141596776649,438.7716780403043,179.4584703020713,1.9982463318773527,1.993331690112834,145.41134338196005,42.377215094520594,True
lift_and_cruse,cruise_6,0.38805150359196067,36.379828461746314,72.70567169096269,405.1366294108084,438.76738835004426,179.46072460030072,1.9985281995663682,1.993356729689356,145.41134338192538,42.38134139169133,True
lift_and_cruse,cruise_7,0.38805150359196067,36.379828461746314,80.60254982265823,402.68838595680023,440.1985128295756,200.16109883860557,2.215583559098193,2.215583559098193,161.20509964531647,42.38134139169133,True
lift_and_cruse,cruise_7,0.38799078186603775,36.37413579994104,80.60215620790262,402.6830049827508,440.19377964375536,200.16287123188724,2.215920315384164,2.215603177722581,161.20431241580525,42.385467688862065,True
lift_and_cruse,cruise_7,0.3878206447307791,36.35818544351054,80.60105350511778,402.6679288363815,440.18051883542523,200.1678375730744,2.216864444471151,2.2156581501620156,161.20210701023555,42.39702931661388,True
lift_and_cruse,cruise_7,0.38757479298764624,36.33513684259184,80.59946040341339,402.64614583648273,440.16135973269985,200.17501435725546,2.218230204357811,2.215737589998882,161.19892080682678,42.41373635277648,True
lift_and_cruse,cruise_7,0.3873019230383256,36.30955528484302,80.59769269415287,402.6219722119419,440.1400993323641,200.18298032307956,2.2197480996025125,2.215825765288759,161.19538538830574,42.43227976393951,True
lift_and_cruse,cruise_7,0.38705608012144294,36.286507511385274,80.59610048056112,402.6001958505278,440.1209485157816,200.19015767773925,2.2211174956178366,2.215905211440255,161.19220096112224,42.44898680010211,True
lift_and_cruse,cruise_7,0.3868859539923591,36.27055818678366,80.59499887832368,402.5851279843697,440.10769803884074,200.1951247120654,2.2220661587011716,2.215960191552046,161.18999775664736,42.46054842785393,True
lift_and_cruse,cruise_7,0.3868252371646413,36.26486598418512,80.59460576942969,402.5797506903513,440.10296945385704,200.19689745622006,2.222404933250104,2.2159798140602476,161.18921153885938,42.464674725024665,True
lift_and_cruse,cruise_8,0.3868252371646413,36.26486598418512,70.69738839679722,405.63824055019944,438.3052380351431,174.28679382127584,1.9494733119275387,1.9494733119275387,141.39477679359445,42.464674725024665,True
lift_and_cruse,cruise_8,0.3867721611951548,36.25989011204577,70.69738839679766,405.63341180883253,438.30104913262227,174.28891796162432,1.9497413868266869,1.9494970713577822,141.39477679359533,42.4688010221954,True
lift_and_cruse,cruise_8,0.3866234454559878,36.245948011498854,70.69738839680898,405.61988241400593,438.28931271928326,174.29486976145466,1.9504929090439924,1.9495636448179554,141.39477679361795,42.48036264994722,True
lift_and_cruse,cruise_8,0.3864085445245393,36.225801049175566,70.69738839680025,405.600333012481,438.2723547532889,174.30347059758645,1.9515799146481871,1.9496598488970573,141.3947767936005,42.49706968610982,True
lift_and_cruse,cruise_8,0.3861700218461791,36.203439548079295,70.69738839681037,405.57863639296147,438.25353510532545,174.31301713213404,1.952787820066245,1.9497666310227357,141.39477679362074,42.51561309727285,True
lift_and_cruse,cruise_8,0.3859551197626233,36.18329247774594,70.69738839680313,405.5590898378211,438.2365812382545,174.32161855637503,1.953877387036047,1.9498628416800938,141.39477679360627,42.53232013343544,True
lift_and_cruse,cruise_8,0.38580640258680227,36.16935024251271,70.6973883967999,405.54556399238294,438.22484993618673,174.32757108952504,1.9546321032283007,1.9499294233427653,141.3947767935998,42.54388176118726,True
lift_and_cruse,cruise_8,0.38575332597794465,36.164374310432315,70.69738839680097,405.5407368306403,438.220663308397,174.3296955562505,1.9549015995819088,1.9499531864236768,141.39477679360195,42.54800805835799,True
lift_and_cruse,cruise_9,0.38575332597794465,36.164374310432315,84.97022470597946,401.1059491323493,440.8176863748337,211.83985151499851,2.3495560569250085,2.3495560569250085,169.94044941195892,42.54800805835799,True
lift_and_cruse,cruise_9,0.3856892116450751,36.158363591725795,84.96987334469867,401.1002669838138,440.81277324804967,211.8420658571029,2.3499379046326787,2.3495806166141615,169.93974668939734,42.552134355528736,True
lift_and_cruse,cruise_9,0.38550956842031814,36.141522039404826,84.96888913877005,401.0843472191589,440.7990085921979,211.8482706923521,2.3510084956441135,2.3496494356212447,169.9377782775401,42.56369598328055,True
lift_and_cruse,cruise_9,0.38524997941637895,36.11718557028552,84.96746765384542,401.0613457825552,440.77912230346624,211.8572379128579,2.352557310584321,2.3497488927682477,169.93493530769084,42.580403019443146,True
lift_and_cruse,cruise_9,0.38496186147650996,36.09017451342281,84.96589093760842,401.0358206693,440.75705602295636,211.86719211666463,2.3542788143572375,2.349859296734634,169.93178187521684,42.598946430606176,True
lift_and_cruse,cruise_9,0.38470227988933814,36.065838739625455,84.96447128093823,401.01282744140286,440.73718024984277,211.87616175859387,2.355832046708922,2.349958780738105,169.92894256187645,42.61565346676878,True
lift_and_cruse,cruise_9,0.38452264591313956,36.04899805435683,84.96348935004525,400.99691791433446,440.72342870587477,211.88236960064506,2.3569081460219916,2.3500276330942005,169.9269787000905,42.627215094520594,True
lift_and_cruse,cruise_9,0.3844585356962709,36.04298772152539,84.96313901070364,400.99124031898276,440.7185214161715,211.884585306047,2.357292445420762,2.350052207903946,169.92627802140728,42.63134139169133,True
lift_and_cruse,cruise_10,0.3844585356962709,36.04298772152539,0.2,411.60991074882844,411.7010144237136,0.48589694945912887,0.0055489295600363656,0.0055489295600363656,0.4,42.63134139169133,False
lift_and_cruse,cruise_10,0.3844582420074934,36.04296018820251,0.2,411.6365763013112,411.7266827234901,0.4805781312014417,0.005488548541520597,0.00548818880443501,0.4,42.63959398603279,False
lift_and_cruse,cruise_10,0.3844574191097881,36.04288304154264,0.2,411.6366801502979,411.72678502296185,0.4805698103042794,0.005488466643084756,0.005488093780022361,0.4,42.66271724153644,False
lift_and_cruse,cruise_10,0.3844562299881999,36.04277156139374,0.2,411.63687738056484,411.7269800706166,0.4805580876124122,0.005488352366237951,0.0054879599072094176,0.4,42.69613131386164,False
lift_and_cruse,cruise_10,0.38445491016280897,36.042647827763346,0.2,411.6373140832373,411.7274141008154,0.4805437432781605,0.005488213205860962,0.0054877960953138355,0.4,42.73321813618769,False
lift_and_cruse,cruise_10,0.3844537210412735,36.04253634761939,0.2,411.63824449053396,411.7283415819054,0.4805280546729506,0.005488063407809802,0.005487616931881544,0.4,42.76663220851289,False
lift_and_cruse,cruise_10,0.384452898143602,36.04245920096269,0.2,411.64252819646475,411.7326297259697,0.4805516685877597,0.0054884019617954215,0.005487886602127588,0.4,42.78975546401653,False
lift_and_cruse,cruise_10,0.3844526044548096,36.0424316676384,0.2,411.64263477570154,411.7327359167111,0.4805495763559673,0.005488383679981571,0.005487862708899091,0.4,42.79800805835799,False
lift_and_cruse,cruise_11,0.3844526044548096,36.0424316676384,72.17700498571166,404.9637545737994,438.38131906882717,178.23077786554623,2.002556477060519,2.002556477060519,144.35400997142332,42.79800805835799,True
lift_and_cruse,cruise_11,0.38439838831103135,36.03734890415919,72.17700528699771,404.9588296314394,438.3770642349243,178.2329990526207,2.002839523240305,2.0025814337633734,144.35401057399542,42.802134355528736,True
lift_and_cruse,cruise_11,0.3842464778629341,36.02310729965007,72.17700529986972,404.94503100260704,438.36514300337336,178.2392205868804,2.0036330043948185,2.0026513373674435,144.35401059973944,42.81369598328055,True
lift_and_cruse,cruise_11,0.3840269604132321,36.002527538740516,72.17700531877144,404.92509269868344,438.3479181446193,178.24821117144015,2.0047807297502565,2.00275235332865,144.35401063754287,42.830403019443146,True
lift_and_cruse,cruise_11,0.3837833137445348,35.979685663550136,72.17700533774969,404.9029646413151,438.3288025130737,178.25819024733474,2.0060561500641976,2.002864475731453,144.35401067549938,42.848946430606176,True
lift_and_cruse,cruise_11,0.3835637950676928,35.9591057875962,72.17700535486325,404.883029563968,438.3115821952015,178.26718134043816,2.007206655228976,2.0029654974065294,144.3540107097265,42.86565346676878,True
lift_and_cruse,cruise_11,0.3834118830893748,35.94486403962888,72.17700536627281,404.86923495837596,438.29966662617517,178.27340351082722,2.0080036027756156,2.00303540815799,144.35401073254562,42.877215094520594,True
lift_and_cruse,cruise_11,0.3833576662645852,35.93978121230486,72.17700536939911,404.8643118984223,438.2954142584266,178.27562420337873,2.008288183364092,2.0030603593045084,144.35401073879822,42.88134139169133,True
lift_and_cruse,cruise_12,0.3833576662645852,35.93978121230486,70.92375707102873,405.2474086590856,438.06689797177944,175.0134746221001,1.9734053652710115,1.9734053652710115,141.84751414205746,42.88134139169133,True
lift_and_cruse,cruise_12,0.3833044139887826,35.93478881144837,70.92375707102073,405.2425702682944,438.0627061313173,175.01561423703444,1.973680093756519,1.973429490999617,141.84751414204146,42.885467688862065,True
lift_and_cruse,cruise_12,0.38315520424848465,35.920800398295434,70.9237570710145,405.2290138484241,438.0509614995787,175.02160939237123,1.9744502736525955,1.9734970907757645,141.847514142029,42.89702931661388,True
lift_and_cruse,cruise_12,0.3829395894600058,35.900586511875545,70.92375707101809,405.2094254259387,438.0339916928927,175.03027287043156,1.9755642788318217,1.973594777848849,141.84751414203618,42.91373635277648,True
lift_and_cruse,cruise_12,0.3827002744535976,35.87815073002478,70.92375707101445,405.18768553986297,438.0151589515274,175.0398889201665,1.9768022048406169,1.973703205866638,141.8475141420289,42.93227976393951,True
lift_and_cruse,cruise_12,0.38248465850126695,35.85793673449378,70.92375707102012,405.1681000420441,437.9981933316764,175.0485529646308,1.9779188675839985,1.9738008993263427,141.84751414204024,42.94898680010211,True
lift_and_cruse,cruise_12,0.38233544730966973,35.84394818528154,70.92375707102764,405.15454726917,437.98645392083756,175.05454882628953,1.9786923614136755,1.9738685070667885,141.84751414205527,42.96054842785393,True
lift_and_cruse,cruise_12,0.38228219438797834,35.83895572387297,70.92375707101793,405.1497105014473,437.982264403893,175.05668875554602,1.9789685647399482,1.973892636339607,141.84751414203586,42.964674725024665,True
lift_and_cruse,cruise_13,0.38228219438797834,35.83895572387297,71.49824594073348,404.9706856565459,438.08374473964443,176.55165786822218,1.994986865453437,1.994986865453437,142.99649188146697,42.964674725024665,True
lift_and_cruse,cruise_13,0.3822284993654183,35.83392181550796,71.49824668353435,404.9658100608369,438.079527847329,176.5538366929669,1.9952677204529008,1.9950114855946488,142.9964933670687,42.9688010221954,True
lift_and_cruse,cruise_13,0.38207804907182213,35.81981710048333,71.49824668353152,404.9521500581874,438.0677126723472,176.5599362884144,1.9960550221001896,1.9950804094039705,142.99649336706304,42.98036264994722,True
lift_and_cruse,cruise_13,0.3818606416202982,35.79943515190296,71.4982466835275,404.9324120132503,438.0506409964475,176.5687506751059,1.9971938046971187,1.9951800096336645,142.996493367055,42.99706968610982,True
lift_and_cruse,cruise_13,0.3816193368919809,35.77681283362321,71.49824668352632,404.9105061404724,438.03169528394557,176.57853420463286,1.9984592811785067,1.995290560920125,142.99649336705264,43.01561309727285,True
lift_and_cruse,cruise_13,0.38140192824770497,35.75643077322235,71.49824668352952,404.8907711674463,438.0146279663871,176.58734912855542,1.9996008108454857,1.9953901672203875,142.99649336705903,43.03232013343544,True
lift_and_cruse,cruise_13,0.3812514764667715,35.74232591875983,71.49824668352792,404.8771149954095,438.0028182261667,176.59344939389965,2.0003915380381816,1.9954590985993645,142.99649336705585,43.04388176118726,True
lift_and_cruse,cruise_13,0.3811977807822842,35.73729194833915,71.49824668351742,404.87224133305284,437.9986036183905,176.5956265827973,2.0006738968231987,1.9954837002559385,142.99649336703484,43.04800805835799,True
lift_and_cruse,cruise_14,0.3811977807822842,35.73729194833915,85.21110132280064,400.6017323195213,440.5022689333797,212.70777046721392,2.3843748835297274,2.3843748835297274,170.4222026456013,43.04800805835799,True
lift_and_cruse,cruise_14,0.3811334748761368,35.73126326963782,85.2107571274155,400.5960473573393,440.4973658839551,212.71002029778268,2.3847685630806654,2.3844001032924496,170.421514254831,43.052134355528736,True
lift_and_cruse,cruise_14,0.3809532948384351,35.71437139110329,85.20979618832821,400.58011872599525,440.48363008292665,212.71633308788225,2.385872427381674,2.3844708673182553,170.41959237665642,43.06369598328055,True
lift_and_cruse,cruise_14,0.38069293002170557,35.689962189534896,85.20840846500134,400.55710449722324,440.4637855866737,212.72545665720955,2.3874694099969243,2.384573139132324,170.41681693000268,43.080403019443146,True
lift_and_cruse,cruise_14,0.38040395086208095,35.66287039332009,85.20686922690034,400.531565273738,440.44176579034865,212.73558437541263,2.389244490406115,2.3846866670812927,170.41373845380068,43.098946430606176,True
lift_and_cruse,cruise_14,0.3801435932233245,35.638461864686676,85.20548335604987,400.50855940782344,440.4219319890391,212.74471036851045,2.390846097534739,2.384788966064926,170.41096671209974,43.11565346676878,True
lift_and_cruse,cruise_14,0.37996342213646456,35.62157082529355,85.20452481158948,400.492641178048,440.40820954009536,212.75102640731592,2.3919557308995913,2.384859766507515,170.40904962317896,43.127215094520594,True
lift_and_cruse,cruise_14,0.379899120213897,35.61554252005285,85.20418280238495,400.4869604908072,440.4033126408707,212.75328068052792,2.3923520094132704,2.3848850360706133,170.4083656047699,43.13134139169133,True
lift_and_cruse,cruise_15,0.379899120213897,35.61554252005285,81.97402358795844,401.4979750704692,439.8042353119138,204.17045334625936,2.301636246073985,2.301636246073985,163.94804717591688,43.13134139169133,True
lift_and_cruse,cruise_15,0.37983732800372083,35.609749500348826,81.97402360630188,401.4924025271282,439.79954267339417,204.17336705585063,2.3020115788936866,2.3016690926465224,163.94804721260377,43.135467688862065,True
lift_and_cruse,cruise_15,0.37966418979962574,35.593517793714916,81.97402360624146,401.4767896383155,439.78639546174287,204.18153087782903,2.3030638891990143,2.3017611243203713,163.94804721248292,43.14702931661388,True
lift_and_cruse,cruise_15,0.3794139971202764,35.57006223002591,81.9740236061308,401.45423100235723,439.76740052142094,204.19332775282754,2.3045862230633483,2.3018941118052987,163.9480472122616,43.16373635277648,True
lift_and_cruse,cruise_15,0.3791363031921801,35.544028424266884,81.9740236060431,401.4291964639489,439.74632234014825,204.20642103275324,2.30627824537724,2.3020417138072684,163.9480472120862,43.18227976393951,True
lift_and_cruse,cruise_15,0.3788861087034989,35.520572690953024,81.97402360594494,401.4066444223089,439.72733571194726,204.21821743149053,2.307804834744647,2.30217469592325,163.94804721188987,43.19898680010211,True
lift_and_cruse,cruise_15,0.37871296824320433,35.50434077280041,81.97402360589419,401.39103975647834,439.7141988653407,204.2263806595669,2.308862451586371,2.3022667209019754,163.94804721178838,43.21054842785393,True
lift_and_cruse,cruise_15,0.3786511750289251,35.49854765896173,81.97402360587587,401.38547087854533,439.70951083627165,204.229294055466,2.3092401455176526,2.302299563938226,163.94804721175174,43.214674725024665,True
lift_and_cruse,cruise_16,0.3786511750289251,35.49854765896173,71.11852259405899,404.7534853327064,437.72565210015824,175.7082401294232,2.003420626593044,2.003420626593044,142.23704518811797,43.214674725024665,True
lift_and_cruse,cruise_16,0.37859776993012795,35.49354093094949,71.11852177568257,404.7486421406299,437.7214620446407,175.710391292227,2.0037037844120538,2.003445154093457,142.23704355136513,43.2188010221954,True
lift_and_cruse,cruise_16,0.37844813197962274,35.479512373089634,71.11852364569657,404.7350709981581,437.7097231804201,175.7164296422535,2.004497719104564,2.003514003197999,142.23704729139314,43.23036264994722,True
lift_and_cruse,cruise_16,0.3782318984001888,35.459240475017694,71.11852769330669,404.7154609188891,437.69276198713084,175.72515903277343,2.0056461385037183,2.0036135354738467,142.23705538661338,43.24706968610982,True
lift_and_cruse,cruise_16,0.3779918965617731,35.43674030266623,71.11853267852217,404.693696887298,437.6739389436262,175.73484951072552,2.006922344239365,2.003724026042738,142.23706535704434,43.26561309727285,True
lift_and_cruse,cruise_16,0.37777566178634253,35.41646829246961,71.11853116190777,404.67409152530786,437.6569810187494,175.74356495068108,2.0080733883608994,2.0038233992546255,142.23706232381554,43.28232013343544,True
lift_and_cruse,cruise_16,0.3776260223560865,35.40243959588311,71.1185297859174,404.6605251294412,437.64524689897945,175.74959552100637,2.0088707000601063,2.003892159655224,142.2370595718348,43.29388176118726,True
lift_and_cruse,cruise_16,0.37757261659861097,35.39743280611978,71.11852757540932,404.6556840337665,437.6410589642115,175.75174335703244,2.009155362136074,2.003916649223807,142.23705515081863,43.29800805835799,True
lift_and_cruse,cruise_17,0.37757261659861097,35.39743280611978,81.82311136734393,401.3283974338219,439.5931982294947,203.88069194686773,2.311554959787619,2.311554959787619,163.64622273468785,43.29800805835799,True
lift_and_cruse,cruise_17,0.3775109395043773,35.391650578535376,81.82311130643245,401.3228419841097,439.58852117051197,203.88359361331777,2.311933517801364,2.311587858250981,163.6462226128649,43.302134355528736,True
lift_and_cruse,cruise_17,0.37733812384957816,35.375449110897954,81.82311130634095,401.3072769162279,439.57541764636153,203.89172427822973,2.312994879565891,2.3116800419620724,163.6462226126819,43.31369598328055,True
lift_and_cruse,cruise_17,0.37708839727161536,35.35203724421394,81.82311130615099,401.284787370576,439.55648582023434,203.90347324001414,2.3145303151272567,2.3118132491364536,163.64622261230198,43.330403019443146,True
lift_and_cruse,cruise_17,0.3768112206827751,35.32605193901016,81.82311130601052,401.2598294986672,439.5354776681864,203.9165133407065,2.3162369096983015,2.311961094963068,163.64622261202103,43.348946430606176,True
lift_and_cruse,cruise_17,0.3765614923058385,35.30263990367236,81.82311130583001,401.23734651498194,439.5165541140647,203.92826182683143,2.3177766557423545,2.312094296744525,163.64622261166002,43.36565346676878,True
lift_and_cruse,cruise_17,0.3763886744077564,35.28643822572717,81.82311130573005,401.2217896297455,439.50346090493235,203.93639189854875,2.318843392601512,2.312186473730105,163.6462226114601,43.377215094520594,True
lift_and_cruse,cruise_17,0.37632699631516797,35.280655904547,81.82311130570747,401.216237802723,439.4987884476915,203.93929346115098,2.3192243444681244,2.312219371016063,163.64622261141494,43.38134139169133,True
lift_and_cruse,cruise_18,0.37632699631516797,35.280655904547,75.05418619982801,403.3230237144791,438.2550659041503,186.0895158144006,2.1273466798034892,2.1273466798034892,150.10837239965602,43.38134139169133,True
lift_and_cruse,cruise_18,0.3701835944245012,34.70471197729699,75.05418620339091,402.7684172595848,437.78052949916975,186.35234320742782,2.162727596626391,2.130351282074987,150.10837240678183,43.83046543533038,True
lift_and_cruse,cruise_18,0.3529676925925816,33.090721180554524,75.05418620676876,401.19597495562056,436.4376895782117,187.10320310335717,2.268462254926079,2.1389349967437705,150.10837241353752,45.08888304125991,True
lift_and_cruse,cruise_18,0.32808304711489666,30.757785667021565,75.05418619063323,398.7810056839598,434.3759386545334,188.26626624907837,2.440910792601986,2.1522309554689225,150.10837238126646,46.90734916914646,True
lift_and_cruse,cruise_18,0.300453302009495,28.167497063390158,75.05418619980365,396.07366335219916,432.07598140348546,189.58792592968084,2.6658664126714697,2.1673399653508336,150.1083723996073,48.9256943003386,True
lift_and_cruse,cruise_18,0.27555064190447204,25.832872678544252,75.05418619982869,393.5490578594737,429.93990625982553,190.845578828841,2.9074233701897674,2.1817172595668173,150.10837239965738,50.74416042822514,True
lift_and_cruse,cruise_18,0.25831217768067055,24.216766657562864,75.05418619982996,391.72317783749827,428.39611122923145,191.7589617459206,3.1018356387586747,2.192158912378556,150.1083723996599,52.00257803415467,True
lift_and_cruse,cruise_18,0.25215877209595766,23.639884883996032,75.05418619980708,391.073217877552,427.8480936443139,192.08630099187818,3.177672319798188,2.1959010042154317,150.10837239961415,52.451702077793726,True
lift_and_cruse,decel_descend,0.25215877209595766,23.639884883996032,28.101220081309087,399.608106693147,413.078837780761,70.32194695411317,1.1887206819832412,1.1887206819832412,56.202440162618174,52.451702077793726,True
lift_and_cruse,decel_descend,0.25155919462978127,23.583674496541995,28.082220332092984,399.53848368229245,413.0039180913538,70.28677307006338,1.190750437954532,1.188126103402205,56.16444066418597,52.570539436310824,True
lift_and_cruse,decel_descend,0.2498813575289898,23.426377268342794,28.030093768134016,399.3436508924052,412.7947505192333,70.19088655335108,1.1965266577290439,1.1865052397817253,56.06018753626803,52.90351431556325,True
lift_and_cruse,decel_descend,0.24746222667290427,23.199583750584775,27.957651984983205,399.0627327725677,412.49443720346886,70.05927370887225,1.2051097779553546,1.1842804590834788,55.91530396996641,53.38467695704615,True
lift_and_cruse,decel_descend,0.24478436287538485,22.94853401956733,27.881227546906185,398.75176295566234,412.1637688410543,69.92280940482382,1.2149727515148676,1.1819736694167953,55.76245509381237,53.918727198541305,True
lift_and_cruse,decel_descend,0.24237782646801714,22.722921231376606,27.815946564479084,398.4722958554658,411.8682040973217,69.80852171145791,1.2241719114103342,1.1800417527011093,55.63189312895817,54.39988984002421,True
lift_and_cruse,decel_descend,0.24071569528462314,22.56709643293342,27.77274925623117,398.27927255116236,411.66495791832,69.73423886000465,1.2307166767161037,1.178786076974486,55.54549851246234,54.73286471927663,True
lift_and_cruse,decel_descend,0.24012310793126465,22.51154136855606,27.757723430017105,398.21045487081017,411.5926735388693,69.70867953295664,1.2330885980129003,1.1783540226586495,55.51544686003421,54.851702077793725,True
lift_and_cruse,arrival_terminal_procedure,0.24012310793126465,22.51154136855606,66.19505850429213,392.3602524542588,424.74880650966765,168.70989884993284,2.9404942744948084,2.9404942744948084,132.39011700858427,54.851702077793725,True
lift_and_cruse,arrival_terminal_procedure,0.23968167265188514,22.47015681111423,66.19505850366994,392.310651604277,424.7059589230333,168.7317193097458,2.9459185044928007,2.94087458968428,132.39011700733988,54.88834719589398,True
lift_and_cruse,arrival_terminal_procedure,0.23844478431067448,22.354198529125732,66.19505850340035,392.1716597677846,424.58590955564273,168.792895534054,2.9612240363863824,2.9419408480279796,132.3901170068007,54.9910245351321,True
lift_and_cruse,arrival_terminal_procedure,0.2366573919514505,22.186630495448483,66.19505850307353,391.9707757464692,424.4124509913743,168.88139340130655,2.983624340534034,2.943483303294298,132.39011700614705,55.139397589217054,True
lift_and_cruse,arrival_terminal_procedure,0.23467348497597673,22.000639216497817,66.19505850279464,391.74776235249476,424.2199507924709,168.97975148155092,3.0088870997956354,2.9451976151027957,132.39011700558927,55.30407925511122,True
lift_and_cruse,arrival_terminal_procedure,0.23288600046482502,21.833062543577345,66.19505850240384,391.54678960965805,424.0465356329307,169.0684892103564,3.032017338032303,2.9467442509864217,132.39011700480768,55.45245230919616,True
lift_and_cruse,arrival_terminal_procedure,0.23164899721138874,21.717093488567695,66.195058502179,391.4076871375358,423.9265403893757,169.1299645396988,3.048233332005744,2.9478157225194273,132.390117004358,55.55512964843428,True
lift_and_cruse,arrival_terminal_procedure,0.23120751079102378,21.67570413665848,66.19505850215218,391.3580370492801,423.88371688986246,169.15191811612524,3.0540628447262312,2.948198357837371,132.39011700430436,55.591774766534535,True
lift_and_cruse,second_descent,0.23120751079102378,21.67570413665848,24.66150444683244,397.15590509641964,409.0964641020466,62.095273242494606,1.137748711245984,1.137748711245984,49.32300889366488,55.591774766534535,True
lift_and_cruse,second_descent,0.23110237435553294,21.665847595831213,24.647166508461922,397.14367488020065,409.0778937853597,62.06110057218529,1.1376048612605316,1.137122578054615,49.294333016923844,55.61554223823796,True
lift_and_cruse,second_descent,0.23080811604598214,21.638260879310828,24.607111580699197,397.10944426293094,409.02595108166724,61.965633458431924,1.1372049908875168,1.1353733694600237,49.214223161398394,55.68213721408844,True
lift_and_cruse,second_descent,0.23038374957573218,21.598476522724894,24.5495399373135,397.0600773223674,408.9511258530005,61.828413902978724,1.1366354834891317,1.1328591463280158,49.099079874627,55.778369742385024,True
lift_and_cruse,second_descent,0.22991390654488264,21.554428738582747,24.486067678956523,397.0054186261469,408.8683992008428,61.67712679910949,1.1360149620067557,1.1300871687125351,48.97213535791305,55.88517979068405,True
lift_and_cruse,second_descent,0.22949163815899062,21.51484107740537,24.42926533400979,396.95629320622055,408.7941550910622,61.54173468152863,1.135466387540076,1.1276064290483594,48.85853066801958,55.98141231898063,True
lift_and_cruse,second_descent,0.22919999613346975,21.487499637512787,24.39016963167307,396.9223637619274,408.74293699556495,61.44854615536416,1.1350926166923838,1.125898970170894,48.78033926334614,56.048007294831116,True
lift_and_cruse,second_descent,0.22909602405928947,21.47775225555839,24.37625860740959,396.91026758086537,408.72468916909395,61.41538759751366,1.134960382951766,1.1252914181868023,48.75251721481918,56.07177476653454,True
lift_and_cruse,app_transition,0.22909602405928947,21.47775225555839,27.697360927109738,396.9079991347395,410.3321049411693,69.78282369589442,1.2895837794172216,1.2895837794172216,55.394721854219476,56.07177476653454,True
lift_and_cruse,app_transition,0.22909192072712625,21.477367568168088,27.696016230019303,396.90752253767744,410.3310030582142,69.77952041769615,1.2895442835323876,1.2895227349687775,55.39203246003861,56.0725996462786,True
lift_and_cruse,app_transition,0.22908042451612415,21.476289798386638,27.692248819989707,396.90618726508893,410.32791592206576,69.77026564868805,1.2894336211263784,1.28935170720918,55.384497639979415,56.07491090796097,True
lift_and_cruse,app_transition,0.22906381479629218,21.47473263715239,27.686805670986946,396.9042580597608,410.3234555929689,69.7568942600573,1.2892737166348527,1.2891046044842793,55.37361134197389,56.078250777859694,True
lift_and_cruse,app_transition,0.22904538325385115,21.473004680048547,27.680765512336492,396.90211724546464,410.3185059926282,69.74205613278872,1.2890962467807416,1.2888303964882564,55.361531024672985,56.08195775378051,True
lift_and_cruse,app_transition,0.2290287804811014,21.471448170103255,27.6753246547674,396.9001888366459,410.3140474419142,69.72869009781343,1.288936360878029,1.2885833926986938,55.3506493095348,56.08529762367924,True
lift_and_cruse,app_transition,0.22901729293297243,21.470371212466166,27.671560111369562,396.8988545572885,410.31096252786176,69.71944202803722,1.2888257220832091,1.2884124887406325,55.343120222739124,56.08760888536161,True
lift_and_cruse,app_transition,0.2290131934561479,21.469986886513865,27.67021669219076,396.8983784022555,410.3098616348696,69.71614173667078,1.288786236806096,1.2883514994887206,55.34043338438152,56.08843376510566,True
lift_and_cruse,hover_descent,0.2290131934561479,21.469986886513865,15.74012684512201,396.8982792637273,404.52736590103285,39.657835943055716,0.7331223315748272,0.7331223315748272,31.48025369024402,56.08843376510566,True
lift_and_cruse,hover_descent,0.22898177579384418,21.467041480672894,15.73962194237084,396.89460740454746,404.52356475670206,39.65693301306395,0.7331994431211714,0.7331056398385014,31.47924388474168,56.09959138858156,True
lift_and_cruse,hover_descent,0.22889375083631022,21.45878914090408,15.738207523075316,396.88431971595105,404.5129149222456,39.654403628803415,0.7334156137430742,0.7330588811578413,31.47641504615063,56.13085435484058,True
lift_and_cruse,hover_descent,0.22876656508257764,21.446865476491652,15.736164245503645,396.86945522100183,404.49752731719377,39.65074971980826,0.7337282670818882,0.732991334298105,31.47232849100729,56.176030649999994,True
lift_and_cruse,hover_descent,0.22862541890961263,21.43363302277618,15.733897233412376,396.8529591534031,404.48045092623875,39.64669578923324,0.734075671067641,0.7329163925630223,31.467794466824753,56.22617255475259,True
lift_and_cruse,hover_descent,0.22849826804155618,21.421712628895893,15.731855496583094,396.8380987609048,404.4650679374699,39.64304476863995,0.734389018638019,0.7328488990988347,31.46371099316619,56.271348849912,True
lift_and_cruse,hover_descent,0.22841028658574697,21.413464367413777,15.730442998558305,396.82781618798094,404.45442385942215,39.64051898614866,0.7346060549534249,0.7328022070011689,31.46088599711661,56.302611816171016,True
lift_and_cruse,hover_descent,0.22837888828353145,21.410520776581073,15.729938968580525,396.82414660548943,404.4506252855266,39.63961770376006,0.7346835525956911,0.73278554572275,31.45987793716105,56.31376943964691,True
